5.198691000e+06 -8.194626177e-15 -2.076383439e+30 1.547988157e+33 -1.011253891e-26 1.071327866e+28 1.760212531e+25 4.063650186e+22 -3.505914241e-28 -2.771934509e+18 9.631556887e-36 -4.103613696e+09 5.909073894e-16 2.982966906e+27 1.525332696e-14 -1.844015531e+22
2.266189169e+11 -1.233582571e-02 1.091731119e-37 3.834398985e+00 2.284712624e+35 -1.251569595e+02 5.064858020e-34 -2.827871799e+00 -3.170155403e+24 -1.118477344e-26 -4.751952738e-02 -1.207016875e+06 5.877082709e-10 -4.016678347e-14 -2.158138162e-27 -1.716153875e+27
3.452451797e+36 3.229235972e-07 -3.856115409e+28 1.900617131e-30 7.329073069e+16 4.258065526e+30 2.054513964e-26 -1.488940834e+19 -5.158582572e-34 -1.334161878e+00 -1.058317238e-07 -6.849824834e+15 3.462389563e+12 -1.500862878e-21 7.425234821e-30 -8.261255437e-19
-2.323649522e+23 2.861702200e+07 -9.086914346e+29 2.788076671e+20 -2.486175327e-33 -8.482830720e+08 2.014307499e-28 -1.169001162e+28 4.929901739e-18 4.469662857e+17 7.288914730e-06 2.370380263e+38 -6.142297322e+13 -9.641194393e+23 1.372086648e-14 -1.805920053e-32
3.474485930e+31 1.726294169e-03 -6.640721533e+37 -6.428768260e-31 -3.041171037e+34 6.629977620e+11 3.353742675e-15 5.829367778e-27 6.519822368e-17 -4.441036089e-30 -3.080059130e-14 2.859205880e+23 -7.472170864e-07 3.548228160e+08 -2.095860456e-39 -1.487085974e-04
-2.470344786e+11 -2.843154601e-10 1.074759322e-23 -5.055057408e+09 -3.015587312e+32 -2.194964152e-29 -4.427216504e-35 -9.258885257e-06 -1.932912419e-04 1.077305529e-23 -1.080745304e+30 -4.269024000e+06 2.891644407e+33 -5.358979375e+05 -9.753371239e+00 3.944091133e-27
-1.290860077e+26 1.588335996e-26 -1.280625065e-27 -2.870275322e+22 3.796436429e-11 -1.590773883e+25 -2.101547014e+18 2.882973194e+26 -4.560441145e+30 4.472365760e+08 -6.476088525e+10 -3.462716509e+13 9.363609409e-21 3.279226182e-17 3.089426772e+36 -9.211459309e+15
1.180766310e+31 3.056039034e+27 1.029181452e+17 -8.283634176e+09 -2.776985235e-24 2.315604361e-04 -3.569887667e-06 -1.643007536e-10 -1.819305523e+26 -9.797640625e+05 -1.493926905e-02 1.207430301e+38 3.215684619e+25 -2.551356623e-15 1.848081028e-21 -5.713058560e+08
-1.561429555e+33 4.568350360e+36 -2.002690181e+22 4.305848083e+02 -1.433444445e-18 -3.355301063e-12 -3.193910885e+27 2.228609333e-07 -3.889337001e-21 -4.961010444e-13 -4.072827565e+30 1.181089615e-21 -6.218400272e-36 -9.082236699e-12 1.433972931e+01 6.710048500e+06
1.176935130e+25 -2.914468288e+00 -2.650794816e+34 1.698258103e-07 -1.948921480e+20 -2.126231191e-09 -2.469600433e-37 -1.880291565e+26 -1.862174722e-36 -4.214350466e+30 9.065769264e-04 -1.686896239e-35 -5.899199219e+23 1.578828159e-34 2.021581151e-21 -8.356592328e-13
-6.360193799e-32 1.243615234e+05 -4.224062645e-26 2.577786233e-07 -6.208609288e-28 -5.023992326e-31 -3.516631434e+33 8.319153130e-05 -1.647889829e-35 1.733118022e-18 -9.813352582e+29 3.946376006e+14 4.974728020e-21 -1.814417892e-13 3.646882392e+23 -1.607419685e+31
6.183773036e+27 -1.290479200e+30 -1.676976312e-34 -1.650470923e+20 2.125369171e+19 1.022725627e-01 -3.804908991e-34 -8.963664000e+06 3.511771741e-31 8.619749897e+30 -1.660081644e+25 3.656742275e-01 7.315028906e-01 2.257820600e+07 -3.350330152e-19 -5.357236672e-37
-3.417505587e+10 1.899218561e+17 -3.146149451e-03 -3.719998341e+11 -2.044780505e-33 4.575297536e+09 1.255023774e-26 -4.401387791e-26 2.370021474e-37 -3.996604683e-15 -6.389124600e+29 1.443775501e-21 -3.090452250e+06 6.949675271e+22 -3.266672250e+06 -5.467345687e-08
3.656296542e+37 1.955557406e-22 8.325893262e+23 9.432578313e+18 -1.329655483e-11 -1.406714659e-06 -5.120408796e-17 -9.575616554e-29 3.075318374e+10 -3.169509000e+06 -1.333212100e-27 5.151489356e-27 2.635655646e-37 -2.180877053e+18 -2.649860604e+16 6.419412877e+19
-1.298714921e-17 1.742864683e+22 -2.653298428e+37 6.039530421e-12 4.790729973e-29 4.344667381e-32 -8.615972383e-14 -6.952491587e+29 1.293012193e-13 -1.230596267e-11 3.222540806e+15 -8.307116944e+21 2.512595911e+30 nan             1.029239153e-13 -9.035893679e-01
1.701462434e+15 4.272125065e-01 -4.704561817e-19 2.930733250e+06 -9.540953369e+02 -2.012259154e+34 -7.304254972e-23 1.418089495e-24 -2.392833905e+38 8.874996628e+24 -3.644480026e+35 1.818793543e-27 -5.008310968e+28 -2.897027824e+30 -4.293504899e-26 9.711001562e+04
3.893832080e+26 2.060043761e-28 -1.444346554e+23 4.278154293e-34 1.394331896e+22 6.356620230e-10 6.945308112e+28 1.262494553e-08 -9.861324650e-29 -8.181135360e+08 1.264071410e+17 -1.448808789e+04 2.945500171e+19 3.198161664e-07 1.379668362e-07 -6.027902820e+35
-3.316852272e-15 7.832050032e+14 -1.729880675e-34 1.206300259e+00 4.640184934e-19 -2.238327127e-15 3.422210015e-10 -1.084392057e+36 -1.520676621e-31 -6.607838441e-05 6.061378628e+14 -8.629955044e+30 -7.230986429e+35 -1.384124363e-15 -7.814095939e-38 3.278019188e+32
-1.698140001e-21 -1.602308429e-19 -4.123590394e+12 2.668386930e-15 9.611479450e+10 3.081300175e+23 -6.072451392e+29 4.287161737e-09 4.378292976e-15 1.746550917e-31 -3.802669271e-32 -4.684326903e+18 3.819944738e+18 5.606233578e+24 -1.012783525e-32 3.398725608e+38
-2.102338710e+15 7.742693666e-27 -1.158888747e-26 5.377787625e-12 -3.816554943e+18 1.898541959e-34 3.777492419e+12 7.666350625e+05 1.233652522e-32 1.880683011e-18 -1.195122313e-04 2.887838992e-33 -8.723607063e-01 1.480163498e+27 4.618539609e-41 1.135375831e+30
-2.667971964e+25 1.359345718e-27 8.257251251e-33 -3.417094234e+28 -7.419065094e+01 -1.006192652e+22 7.956549127e+34 7.682066350e+11 1.369432268e+27 7.063244019e+02 6.611167774e-36 -1.966932941e+37 -5.967961259e+23 4.304390052e+14 1.053586280e-22 6.234728732e-33
6.994296250e-22 4.358285156e+03 -7.641771320e-24 -6.983570755e-02 8.088200203e+13 -1.828549843e+34 5.365636613e-20 -1.208266484e+05 5.032542028e+25 -8.859546875e+03 1.789251027e-38 -1.513144775e+03 -1.066839342e+14 1.491649690e+36 -4.577826833e-33 -4.895786173e-37
1.614569191e+18 1.511828123e-38 5.596383189e+15 -8.210614480e-12 1.112134323e+02 3.122757609e+18 -4.428670970e+15 -1.924049892e-24 7.230287232e+24 7.426678716e-10 4.083316499e+35 -4.697820507e+26 -1.443103470e+20 -4.321583456e-12 5.420224181e-16 -9.786565000e+06
-5.168310547e+01 6.442447470e-15 6.246744156e+00 -2.204395573e-35 1.972669621e+15 4.587859023e+27 -4.101992852e+32 3.331204645e-09 -7.511368738e+28 7.598626835e+31 1.429063716e+31 1.670466171e-28 -1.849339752e+02 -1.324813198e-13 2.408526158e-14 -1.028667568e-10
5.267713119e-17 -4.597198991e+17 1.464683433e+27 1.755468498e+35 -3.331249109e+34 -5.392020828e+17 4.372892500e+21 -5.538169622e-19 5.320102693e-28 3.453330955e-10 2.690804400e+07 2.252170440e-29 5.259737280e-22 2.890860954e+10 1.891366511e+34 1.115837738e+26
9.120142510e-31 -3.301470486e-10 1.509996819e+15 -2.546103078e-36 -1.435264039e+16 -3.471777533e-18 4.968385156e+04 -8.233938837e+24 -1.111401484e+32 -6.366074764e-29 -1.832096619e-19 4.094480147e+18 -3.857457412e-26 2.097599844e-13 5.169577484e-23 2.453485907e+25
-4.007104480e-36 8.592860699e-01 9.645562541e-17 1.970281015e+13 3.909451691e+37 -2.467746619e+32 1.797281931e-35 -1.050525106e+12 3.931814630e-28 1.448227614e-37 -1.713021037e-28 -3.194754245e-04 8.009618560e+08 7.510919557e+33 4.626607516e+27 -1.719903505e+17
1.718588167e+29 -5.205991936e+09 1.335070585e-03 1.856176972e+00 4.713259637e-02 -1.310127177e+14 1.601710352e+30 2.305308882e+22 6.528298558e+30 2.633920658e+24 7.706647593e+11 -1.587417782e-31 1.726669312e+02 1.960777154e-04 -3.317050870e+22 -2.009176245e+25
1.933684671e-29 2.236848598e-38 -8.564481971e+35 7.388462545e-04 2.259683140e+22 1.303933104e+28 2.048530170e-24 -1.197967680e+08 2.227733556e-35 -2.484051385e-15 -2.879438639e+00 -2.519439888e+01 -8.384732604e-01 -6.103114007e-31 -3.116064644e+01 -8.148366080e+08
1.860631983e-25 5.515429780e-33 5.016391749e+30 2.630950121e-24 5.054641250e+05 -2.587015977e-31 -4.265805103e-13 1.491229833e+25 -5.976323318e+01 2.897785144e-33 -7.378774657e-17 -1.033255497e+20 -3.118906313e+23 1.085314157e-14 -5.631151001e+18 -6.618625343e+12
6.622591268e+14 -5.394082958e-25 -5.840965509e-01 1.019287253e-26 -2.077151971e+34 -7.969715047e-26 -6.836469912e-29 3.383861361e-37 1.141220118e-09 2.048120499e+01 -2.640656632e+35 -2.833627075e-25 -2.842193577e+18 -1.781633270e+29 -1.548796275e-33 3.018451025e-05
-1.322187662e+32 8.378854546e-17 1.837689541e-24 -3.723523253e+26 4.397221783e-04 2.406567816e+22 8.208154240e+08 9.315715532e+21 2.466340687e-27 -1.039183860e-17 1.662244077e+28 3.286520249e+15 2.128644303e-29 1.285999483e-21 1.012148537e-17 -1.141473999e+03
