8.174514221e-08 -9.010797773e+10 1.243452618e-31 -3.113700354e+38 5.049781322e+00 3.457813230e+17 -3.019772002e+12 -4.214621731e-04 2.267937851e+01 2.956422643e-26 -7.917759069e+28 4.825416006e-18 3.687053420e+23 1.749451983e+15 -1.711643422e+21 -8.273845558e-34
6.869657135e+01 -5.160550063e+22 -8.839539200e+08 -2.123157766e-32 -3.341445454e-10 -3.276425654e+23 -2.546435773e-08 -1.966484105e+17 -2.104209285e+30 -1.610178955e+03 -7.037021160e+00 6.219712474e-18 -6.901906041e-36 4.830422313e-06 2.452261448e+00 8.730131352e-31
-1.573750879e+04 -2.946115520e+08 -2.709014651e+36 2.552254085e+21 -1.721107765e-06 7.276328508e+15 -2.774615234e+03 2.722228310e-28 -1.027070784e+32 -1.223135100e+07 2.523914903e+21 -3.394359630e+14 -1.411803940e-21 4.974010048e+25 1.139549840e+08 -1.094442672e+33
-9.842745193e-16 6.309257150e-01 -1.627535479e-33 1.658731803e-30 -1.427408625e-11 9.336101413e-01 2.132613226e+38 -9.942661486e-30 1.838328814e-07 -1.728935026e+36 -3.031200846e-10 7.811157564e+25 -6.972877124e+19 -6.724480375e-21 4.539496279e-10 2.988620238e+22
1.376566923e-15 3.835932180e+12 5.913803821e-29 -1.317676656e+38 2.771594874e-30 -7.633104341e+37 -2.655946463e-02 9.518783918e-05 -1.683811493e+02 5.331767247e+16 7.138086190e-29 1.382788657e-37 1.154105679e+19 -6.717804656e-34 -6.609320237e+27 2.101965887e+14
-5.282705078e+04 1.974548081e-09 -1.314838867e+03 9.158474512e-08 -1.562405510e+36 4.527661531e-06 3.002907987e-18 -2.720754838e-30 1.560746541e+32 -4.899654861e+12 2.703626038e-11 -5.261184430e-23 -3.309562060e+23 -2.704971716e-37 1.428892780e-18 nan            
-4.056943705e-34 -2.541404192e-29 -2.065378674e-26 2.071473238e-38 -4.773512123e-27 5.045044396e-35 -1.672144119e+13 3.604319214e-16 9.908616866e-32 4.801962339e-15 -9.000826660e-32 -3.280180296e+19 -2.702441471e+19 -2.078647995e+01 -1.011976722e+27 1.296418458e-01
1.739007610e-17 -1.183142789e+11 1.507836162e+36 -2.905842590e+02 1.130163672e+05 -1.307347460e-17 -6.276825871e-35 3.207596764e-02 -4.374517762e-11 -9.163422318e+34 1.572552601e+33 -1.167603239e+23 5.324242170e-36 -5.760184552e-10 5.966736191e-16 1.560080024e+12
3.474471181e+31 3.416784912e+03 -6.630335418e+37 1.029017600e+07 7.285880951e-15 2.323852344e+27 5.873194829e+33 3.472514656e+31 3.548212800e+08 -7.070641849e+33 -1.404444047e-04 3.470503003e+31 6.275774080e+08 1.282176272e-18 7.623852434e-05 1.849050530e+12
7.528237062e-11 4.192708680e-10 7.273404416e+09 -2.546247344e+05 -1.822068734e-19 -2.068865045e-11 1.223456240e+35 1.694670367e+38 3.804446698e+24 7.616047064e-38 4.696418513e-17 4.167389903e-14 -3.581569642e-36 -1.862081124e+26 4.503284096e+28 -3.559255219e-07
-3.405759049e+33 -2.864799426e-29 -2.499741011e+13 -1.003876172e+04 1.127001600e+21 3.807183192e+28 1.692339920e-29 1.926365048e-01 -8.784132716e-20 -5.636928401e+33 4.960046876e-22 6.516587393e-29 7.702158988e-21 -1.943387916e-31 1.702523982e+26 3.236719727e+03
1.630498142e+38 -1.268102500e+06 -1.434389062e+04 -1.108669225e+23 6.399352018e+28 6.161353545e-22 9.391823360e+08 -7.225160974e+17 -1.369906272e-11 -1.172927518e-14 -2.539404267e-26 -6.509530142e-20 -4.699463038e+13 -9.055074770e-05 -3.685984357e-28 -1.006154090e-36
1.549732905e+11 1.400571777e+03 -1.133028455e-14 -8.174571875e+05 -7.147588349e-06 -4.240943527e+01 -1.570185255e-29 -8.740652920e+34 -2.586976013e+02 1.152312166e-07 -3.363408970e+24 -1.834455888e-15 -1.196078392e-05 2.410455090e-05 4.513178400e+07 1.058572173e+25
1.013775281e+34 -5.561803738e-36 2.172722520e-29 2.204871970e-36 5.002289562e+10 8.822550400e+08 6.158611065e-33 5.364394949e+30 8.223698704e+14 1.002022472e+30 1.862354682e+37 -1.993638419e-32 -6.455414773e-36 2.484462447e-17 -2.207381124e-36 -8.760456183e-08
-6.740731647e-20 3.333261627e+16 1.740106272e+25 -3.776640424e-24 5.746008575e+14 2.659034966e-14 1.970299301e-08 4.864826998e+25 -2.668073974e+36 -7.385555718e-18 -4.023325894e-26 -8.829241513e-31 6.205045205e-16 6.035276022e+23 -2.209402466e+02 1.901762653e-28
4.530603750e+05 7.418778205e+30 -5.005362076e-22 1.262281035e+27 7.994799764e+15 2.258880027e-10 -8.778883189e-21 -5.771248912e-31 -1.825062400e+07 -2.758797097e-12 4.765181749e-36 6.327309180e-22 -2.502069811e-20 -2.113533489e+27 8.487478830e-03 3.858455197e-26
