8.017578125e-01 3.322753906e-01 -4.801750183e-04 1.006126404e-04 2.349853516e-03 6.375000000e+00 -5.429687500e+00 -2.683593750e+00 -1.156250000e+00 2.412109375e-01 -5.187988281e-04 8.906250000e-01 -1.259375000e+01 -2.156066895e-02 -1.062393188e-03 1.718750000e-01
2.805709839e-03 -2.631835938e-01 3.385543823e-03 2.672672272e-04 -6.626129150e-03 -1.816749573e-03 1.127719879e-04 9.633789062e-01 9.346008301e-05 1.376562500e+01 9.601562500e+00 -1.536560059e-02 -3.751953125e+00 -1.402587891e-01 2.185937500e+01 -3.986358643e-03
1.008605957e-02 6.488800049e-03 -2.108812332e-04 -8.106231689e-04 -2.847656250e+00 9.702148438e-01 -4.150390625e-01 -7.794189453e-02 4.926757812e-01 1.999511719e-01 -1.614379883e-02 -1.814062500e+01 -3.354549408e-04 -4.622936249e-04 1.982812500e+01 6.855010986e-03
-1.591682434e-03 8.654594421e-05 -8.306503296e-04 9.793043137e-05 -7.861328125e-02 7.179260254e-03 -6.286621094e-02 4.491806030e-04 -3.240966797e-02 -4.065036774e-04 2.741813660e-06 -1.917968750e+00 -4.218750000e+00 -3.099441528e-06 5.390625000e+00 4.580688477e-02
1.100158691e-02 1.346875000e+01 3.881454468e-03 6.465911865e-03 3.314018250e-04 -1.510937500e+01 -9.788513184e-03 1.749992371e-04 7.856445312e-01 -1.712036133e-02 -2.130126953e-02 1.213281250e+01 -1.197457314e-04 7.957458496e-03 -2.334594727e-03 2.199707031e-01
-1.591444016e-05 -4.661560059e-03 -7.316589355e-03 -2.040625000e+01 -6.835937500e-03 1.605000000e+02 0.000000000e+00 1.670122147e-04 1.466274261e-05 1.998901367e-02 -6.632804871e-04 -1.215820312e+00 -3.805160522e-03 -5.960464478e-08 -3.072738647e-03 1.185302734e-01
5.795898438e-01 -1.706542969e-01 -6.210937500e+00 -5.153656006e-03 2.414062500e+00 6.777048111e-05 3.146362305e-02 9.696960449e-03 4.177246094e-01 6.202697754e-03 3.314018250e-04 1.133680344e-04 1.568750000e+01 2.034375000e+01 2.781677246e-02 -2.185058594e-02
-3.164291382e-03 1.623630524e-04 2.566528320e-02 3.923339844e-01 2.544403076e-03 -8.804687500e+00 1.155138016e-04 -1.258850098e-03 -8.831787109e-02 2.328157425e-04 -1.647949219e-01 2.572536469e-04 1.593017578e-01 9.755859375e-01 2.054687500e+00 1.461505890e-04
8.454322815e-04 -5.263090134e-05 -1.639404297e-01 2.181640625e+00 -7.075195312e-01 2.878906250e+00 1.226806641e-02 -9.111328125e-01 6.203651428e-04 7.665157318e-05 2.771484375e+00 8.613586426e-03 -7.709503174e-03 1.923828125e-01 9.363889694e-05 -2.105712891e-03
6.450653076e-03 3.273437500e+00 -1.684427261e-04 -1.578125000e+01 -5.774497986e-04 -1.987304688e+00 -1.502037048e-03 -7.110834122e-05 -6.513671875e-01 5.121231079e-04 -5.273437500e-01 -1.251697540e-06 -2.260937500e+01 3.561401367e-02 -3.066406250e+00 -1.828002930e-02
-4.955291748e-03 2.182006836e-03 2.537109375e+00 2.098083496e-04 5.949218750e+00 -2.682209015e-04 -7.208251953e-02 -9.632110596e-04 -2.474975586e-02 3.582763672e-02 1.076459885e-04 -2.522468567e-04 8.689880371e-03 -1.228027344e-01 -3.709793091e-03 4.768066406e-01
-1.324218750e+01 2.975463867e-04 3.187179565e-03 1.267433167e-03 4.052734375e-01 -4.420280457e-04 1.855468750e-02 2.410888672e-02 9.661912918e-05 1.225585938e+00 2.996444702e-03 2.248764038e-03 5.135536194e-04 1.549720764e-06 -6.582031250e+00 -4.198551178e-04
8.914062500e+00 8.354187012e-03 4.364013672e-03 -2.923965454e-03 -1.594531250e+01 1.550674438e-03 -1.064300537e-03 1.894531250e+00 -2.155303955e-03 -4.917144775e-03 1.360351562e+00 -1.977539062e-02 2.117156982e-03 -6.404876709e-03 -4.503726959e-04 -2.349853516e-02
-1.169433594e-01 -1.699447632e-03 -3.003906250e+00 -1.069641113e-02 1.602539062e+00 -2.208709717e-03 -3.185546875e+00 -5.795288086e-02 6.621093750e+00 2.517700195e-02 -3.168750000e+01 -7.433593750e+00 -2.326965332e-04 -3.793239594e-04 2.245903015e-04 -1.537109375e+00
-3.464843750e+00 -1.150965691e-04 -2.851867676e-02 1.453906250e+01 1.606941223e-03 8.288574219e-02 8.632812500e-01 -2.344970703e-01 2.092285156e-01 -1.229047775e-04 -3.496170044e-03 1.858711243e-03 1.036524773e-04 -6.767578125e-01 -3.847656250e+00 8.387565613e-04
-1.331787109e-01 1.630859375e-01 1.026611328e-01 -9.751319885e-04 2.246856689e-03 3.701171875e-01 3.513336182e-03 -7.853507996e-04 -8.172607422e-02 -2.019882202e-03 1.171875000e+01 -4.057617188e-01 -3.784894943e-05 -3.720703125e-01 -2.045312500e+01 1.218750000e+01
