-8.499622345e-05 9.632812500e+00 -6.561279297e-04 1.946875000e+01 1.145312500e+01 -8.044433594e-02 -2.667968750e+00 1.832031250e+00 -1.143646240e-02 7.236480713e-03 -1.708984375e-03 -3.404296875e+00 6.456375122e-04 2.910937500e+01 2.351562500e+00 9.226799011e-04
-9.458007812e-01 -3.478515625e+00 -1.590728760e-03 1.308593750e-01 1.099853516e-01 2.010937500e+01 5.686283112e-05 7.167816162e-03 -1.566886902e-03 1.133728027e-02 3.371582031e-01 5.410766602e-02 -2.967834473e-03 -1.252929688e+00 2.910937500e+01 1.501953125e+00
-1.760482788e-03 1.645312500e+01 -1.250505447e-04 -2.928125000e+01 -1.125335693e-04 -2.418212891e-01 -2.052734375e+00 -9.130859375e-02 2.686977386e-04 -1.905517578e-01 -4.870605469e-01 -2.096891403e-04 1.213073730e-03 1.606445312e+00 -4.425048828e-03 1.508331299e-02
4.617309570e-02 1.151275635e-02 -3.092187500e+01 -1.175880432e-03 5.588531494e-03 -3.208984375e+00 5.066406250e+00 3.959960938e-01 4.553222656e-02 -9.606933594e-02 5.161285400e-03 -1.051330566e-02 1.370312500e+01 -3.705024719e-04 4.657745361e-03 1.044311523e-01
1.049041748e-02 -1.345062256e-02 -9.565353394e-04 -2.560424805e-02 -8.994340897e-05 4.851074219e-01 -2.384185791e-03 -2.365112305e-02 -3.936767578e-02 -1.693725586e-03 -4.264831543e-03 3.488281250e+00 -5.393981934e-03 -6.214843750e+00 1.404571533e-02 9.838867188e-01
-6.523132324e-03 -1.496875000e+01 1.611709595e-03 1.097917557e-04 -2.345703125e+00 -2.079010010e-03 1.937150955e-04 -5.576171875e-01 3.955078125e-01 5.892944336e-02 -1.136660576e-04 -4.708766937e-05 -9.048461914e-03 1.285552979e-02 -4.905462265e-05 9.555664062e-01
8.521080017e-04 -1.514843750e+01 4.121093750e-01 1.596679688e+00 -7.786750793e-04 -1.803636551e-04 -4.484375000e+00 1.301765442e-03 1.580715179e-04 1.583099365e-04 3.718750000e+00 1.069335938e-01 -2.004623413e-03 -3.955841064e-03 -3.294921875e+00 3.717422485e-03
2.205371857e-06 -3.054199219e-01 3.286132812e-01 -1.199722290e-03 -3.066062927e-04 2.145312500e+01 -4.022216797e-02 -3.195312500e+01 -1.896667480e-02 6.771087646e-03 -4.031658173e-04 -9.320068359e-02 4.995117188e-01 -1.325988770e-02 -2.276897430e-04 -4.146099091e-04
3.158203125e+00 1.806020737e-05 6.684570312e-01 -2.259016037e-05 1.374483109e-04 4.421997070e-02 -2.054687500e+01 4.372558594e-01 -2.949237823e-04 3.012500000e+01 -9.231567383e-03 -4.560546875e-01 -2.499389648e-02 7.486343384e-05 5.867187500e+00 1.520538330e-02
2.205371857e-06 -1.000000000e+00 -5.561523438e-01 -1.888275146e-04 1.757621765e-03 -7.177734375e-01 1.442718506e-02 -2.325439453e-01 -1.732421875e+00 9.062500000e+00 8.225440979e-05 -1.834960938e+00 1.016235352e-02 2.098388672e-01 1.000000000e+00 1.000000000e+00
-2.464294434e-02 -1.256103516e-01 -4.221191406e-01 -3.790283203e-02 9.685754776e-05 4.965066910e-05 -9.832382202e-04 2.304315567e-04 7.528066635e-05 -7.386718750e+00 -1.861572266e-02 2.816406250e+00 -6.738281250e-02 -3.318786621e-03 -9.343750000e+00 -1.451969147e-04
-3.931522369e-04 4.016113281e-02 7.843750000e+00 2.894401550e-04 4.816406250e+00 3.781127930e-02 1.722574234e-05 -1.075781250e+01 -2.371875000e+01 -9.283447266e-02 -9.985351562e-02 -5.622863770e-03 -1.291036606e-04 8.354492188e-01 7.543945312e-01 1.560449600e-04
3.130859375e+00 3.518676758e-02 9.775390625e-01 4.953002930e-02 2.425000000e+01 8.421875000e+00 6.000976562e-01 2.072753906e-01 5.275726318e-03 -3.042221069e-03 3.494262695e-02 7.202148438e-02 -2.735853195e-05 1.293420792e-05 6.304687500e+00 3.302097321e-04
8.135986328e-02 5.123138428e-03 1.597404480e-05 2.159375000e+01 -2.825927734e-02 6.499290466e-04 5.617141724e-04 -2.119064331e-03 1.224517822e-02 6.881713867e-03 -1.049995422e-03 8.115768433e-04 -2.497434616e-05 2.006530762e-03 5.169677734e-02 5.859375000e-02
-6.500244141e-02 -2.609375000e+01 -1.740234375e+00 -3.877639771e-03 2.235174179e-04 -3.039836884e-05 7.426757812e-01 6.143188477e-02 2.182006836e-03 -4.558563232e-03 -1.841735840e-02 1.268768311e-02 -3.163814545e-04 -3.061523438e-01 5.889892578e-03 2.905273438e-02
-1.371383667e-03 -1.298904419e-03 -7.475585938e-01 3.613281250e+00 -5.075073242e-02 1.337051392e-03 1.783370972e-03 -1.502343750e+01 -2.180337906e-04 4.511718750e+00 4.958496094e-01 7.514953613e-03 2.773437500e+00 -1.268768311e-02 -4.710937500e+00 -7.553100586e-03
7.503509521e-03 -2.995605469e-01 1.291015625e+00 -5.001831055e-02 5.888938904e-05 9.746093750e-01 -2.752304077e-03 -8.502006531e-04 1.160937500e+01 1.422166824e-04 -4.699707031e-02 1.519012451e-02 -3.266334534e-04 2.324581146e-06 -1.023411751e-04 6.035156250e+00
1.449584961e-03 4.627227783e-03 -1.244354248e-02 -1.151561737e-04 1.646280289e-04 -9.250000000e+00 8.921875000e+00 2.015686035e-02 2.714062500e+01 3.026962280e-03 3.286743164e-02 -7.757812500e+00 -1.193237305e-01 -2.561950684e-02 5.649414062e-01 -7.198333740e-03
-5.917968750e-01 3.533203125e+00 7.319450378e-05 -5.239868164e-02 -5.892944336e-02 -4.031250000e+00 7.436523438e-01 -1.815557480e-04 -2.679824829e-03 -1.273345947e-02 1.827392578e-01 -1.892578125e+00 -1.838207245e-04 -1.671875000e+00 1.073608398e-01 -8.334960938e-01
1.090764999e-04 6.109476089e-05 -3.302001953e-02 -4.455566406e-01 2.287109375e+00 1.789062500e+01 5.602836609e-04 -2.507812500e+01 -4.928588867e-02 -1.050233841e-04 6.173706055e-02 -8.291015625e-01 1.962280273e-02 1.685619354e-04 2.580078125e+00 -2.195739746e-02
3.625488281e-02 -1.562500000e+01 7.574218750e+00 4.453659058e-04 2.784729004e-02 -6.413459778e-04 -2.433061600e-04 -2.718750000e+01 2.363281250e+00 2.806640625e+00 -7.394531250e+00 5.310058594e-03 -9.984970093e-04 8.950195312e-01 9.002685547e-03 1.578125000e+00
-4.070997238e-05 2.006530762e-03 8.148193359e-02 -8.624267578e-02 8.188476562e-01 3.971099854e-03 3.654956818e-04 -4.609375000e-01 -2.729687500e+01 8.585937500e+00 1.585937500e+01 -5.332031250e+00 -1.216796875e+00 8.276367188e-02 6.661415100e-04 -1.033203125e+00
2.388000488e-03 1.094341278e-04 2.969741821e-03 2.772808075e-04 -8.177757263e-05 1.462697983e-04 -1.036643982e-03 -1.759375000e+01 1.146875000e+01 -1.566410065e-04 -4.376220703e-02 1.018066406e-01 3.595352173e-04 -2.696514130e-04 4.730224609e-03 -3.457069397e-04
-5.621910095e-04 3.674030304e-04 6.608963013e-04 -8.606910706e-04 -3.369140625e-01 1.822471619e-03 -6.557617188e-01 1.930664062e+00 4.677772522e-04 4.837036133e-02 -6.445312500e-02 -1.909375000e+01 4.995117188e-01 -4.281250000e+00 2.250000000e+00 -1.166462898e-04
1.251697540e-05 -6.636718750e+00 9.687500000e+00 1.510009766e-01 1.182812500e+01 6.667968750e+00 -6.250000000e-01 1.433372498e-03 6.079673767e-05 2.143859863e-03 -6.599426270e-04 1.763671875e+00 -2.289062500e+00 -4.074573517e-04 -4.898071289e-02 4.312500000e+00
-5.868530273e-02 -2.489089966e-03 -2.961730957e-02 -6.494140625e-01 -2.893066406e-01 -3.572463989e-03 2.906322479e-04 1.909732819e-04 8.476562500e-01 1.233673096e-02 1.409530640e-03 -2.781250000e+01 -1.416015625e+00 -6.702423096e-03 4.505157471e-03 -1.833984375e+00
8.691406250e-01 -4.677734375e-01 -5.383491516e-04 1.522064209e-02 4.940795898e-02 -1.223564148e-03 -1.184082031e-01 6.645202637e-03 4.703521729e-03 -6.378173828e-02 -1.950683594e-01 -7.806396484e-02 3.377500000e+02 3.190994263e-03 -1.735687256e-04 -4.179200000e+04
4.699707031e-03 -4.584960938e-01 -2.826690674e-03 -1.052343750e+01 -1.859664917e-04 1.872777939e-04 4.782714844e-01 -6.557617188e-01 -1.303863525e-02 -5.307617188e-01 2.775573730e-02 -3.873825073e-03 -1.149414062e+00 -1.014000000e+03 7.785000000e+02 5.566406250e-01
1.491308212e-04 1.123046875e-01 1.329183578e-05 -2.365625000e+01 7.230043411e-05 1.503944397e-03 5.787611008e-05 -1.695156097e-04 -6.664062500e+00 2.424621582e-02 -1.119995117e-01 2.268981934e-02 2.050399780e-04 1.168750000e+01 2.168655396e-03 -2.387695312e-01
-4.337310791e-03 -4.401855469e-01 -4.206542969e-01 -2.431869507e-03 -1.896667480e-02 -8.410215378e-05 4.981994629e-03 -7.424354553e-04 -1.871109009e-03 4.446506500e-05 4.158020020e-03 -2.703125000e+00 1.058349609e-01 -1.461791992e-02 5.279541016e-02 -2.132812500e+01
-3.056250000e+01 -5.347656250e+00 -1.031756401e-04 6.042480469e-02 6.284713745e-04 -6.500000000e+00 -1.181960106e-04 -1.172423363e-04 4.995117188e-01 1.148437500e+00 2.611328125e+00 3.874511719e-01 -1.576232910e-02 -2.462890625e+00 1.146240234e-01 -4.229736328e-02
-1.223564148e-03 -1.597404480e-04 3.808593750e-02 -5.488281250e-01 -5.400180817e-05 5.645751953e-03 -1.729687500e+01 -2.098083496e-02 2.298437500e+01 -8.054687500e+00 -2.426562500e+01 -1.011657715e-02 2.572631836e-02 1.853704453e-04 -8.850097656e-03 -2.658203125e+00
