1 0 -1 -2 -6 -4 6 -4 5 3 1 -5 3 -5 7 -5
-7 5 -6 -3 -7 -4 -8 0 -1 6 -5 7 0 4 7 -6
-2 6 -3 -5 2 -8 7 4 -8 6 5 1 -8 -4 -7 -1
-8 -8 -8 -8 -8 -8 -8 -8 -8 -8 -8 -8 -8 -8 -8 -8
-2 -1 -6 -2 -4 2 1 2 0 -4 -8 -3 7 -2 6 5
1 -3 -8 -6 2 4 2 5 -6 2 4 -1 5 7 -2 -4
6 -5 1 0 -5 1 3 -1 -5 -7 -7 0 -6 -5 -8 -3
-8 -8 -8 -8 -8 -8 -8 -8 -8 -8 -8 -8 -8 -8 -8 -8
7 7 -5 1 -5 -8 1 6 4 2 1 2 -2 -1 -8 -4
0 4 -4 -5 -7 5 -7 5 3 -2 1 0 2 7 -7 -2
-3 1 -5 -1 -6 -3 2 -3 -2 -3 4 0 -2 1 1 -7
-5 -1 -2 1 5 -7 -6 -8 1 5 -6 -7 -4 7 -1 -5
4 7 -6 -5 7 7 -2 2 -2 0 7 -6 3 -5 -4 -6
6 -3 6 -3 -3 0 -4 6 0 3 3 -1 5 -2 -5 2
5 -8 0 0 -6 4 1 -2 -4 7 4 6 -7 -4 1 -6
4 -3 3 3 6 -2 1 6 -2 -5 -5 5 -3 7 0 4
