92 71 -121 121 57 1 92 85 -11 63 -74 -46 -26 -88 95 64
82 4 101 -74 -89 -38 56 105 -60 29 91 -32 -30 11 38 102
-128 -128 -128 -128 -128 -128 -128 -128 -128 -128 -128 -128 -128 -128 -128 -128
17 -7 -34 -103 -45 -37 -69 99 -94 65 65 109 -54 64 12 -120
-59 -34 -103 -98 -103 70 14 50 -109 22 70 -62 -91 2 80 124
-128 -128 -128 -128 -128 -128 -128 -128 -128 -128 -128 -128 -128 -128 -128 -128
-92 -63 -57 -26 110 69 45 -121 -48 59 9 93 110 -114 23 69
6 32 33 -39 -34 -83 -119 107 -67 -110 75 40 -125 -46 -82 104
0 105 -68 -81 73 124 -8 8 101 49 96 -117 86 114 109 -85
-121 91 -122 -91 49 83 -92 117 68 -3 91 127 75 67 -56 58
-46 116 96 -34 67 -67 -108 123 -41 -32 -6 12 59 -65 -106 -79
113 -55 -123 80 -91 77 -61 -34 -86 -70 77 -107 -66 91 80 107
12 -75 56 77 -28 62 59 85 99 45 13 30 100 114 -48 18
-94 73 -27 21 -29 -7 -23 -118 81 -90 75 0 68 -80 -87 73
7 97 112 13 -39 22 -10 17 -91 24 -4 -8 -96 36 -71 -84
118 108 38 103 -127 -118 76 -11 -52 -32 67 -65 9 -88 -95 -119
