-83 107 -51 -70 -62 67 -88 -52 -92 20 -29 -32 75 28 45 -64
-128 -128 -128 -128 -128 -128 -128 -128 -128 -128 -128 -128 -128 -128 -128 -128
66 48 -118 29 17 60 68 -73 109 -107 18 49 57 -19 -60 60
-95 -86 -91 -4 -96 -58 56 -26 -41 -34 12 -79 50 74 103 -61
-107 47 120 94 -75 -102 7 22 6 -109 98 -115 76 105 118 9
-127 -66 -40 -26 98 75 19 -72 117 -30 -69 18 105 -95 -43 110
127 127 127 127 127 127 127 127 127 127 127 127 127 127 127 127
99 45 114 69 104 85 127 28 119 29 -71 36 51 -114 124 59
-15 24 49 112 -59 81 -120 -82 113 61 -18 -15 -98 -77 -74 -90
34 102 124 89 70 125 115 -26 -43 85 101 67 -17 90 -87 -125
116 -128 96 -109 33 -39 105 91 -122 32 -9 101 19 60 35 -6
115 -104 44 65 58 52 -41 55 -9 -55 -38 -6 -110 -79 -102 49
-81 42 -39 -112 -107 -80 -4 8 107 -115 69 -28 -39 -69 19 -16
-112 2 -25 -66 -82 -117 -37 -84 -4 -121 72 -88 -47 81 77 119
-95 82 95 27 -105 -105 72 -79 26 117 -34 67 -34 44 -127 -121
-37 -33 50 113 -126 71 48 38 -60 57 -126 2 -79 -73 124 72
70 83 -60 -70 64 22 91 -18 -61 30 -1 -74 -61 45 -71 -115
-41 112 -104 26 -23 -71 110 -125 -112 115 24 32 43 66 -97 -9
-88 -5 94 -4 -32 111 120 9 45 -100 7 -92 34 -61 89 121
85 67 -87 114 -94 43 57 125 -116 76 31 95 -106 -31 23 58
101 -45 15 -123 -4 81 -14 -9 44 98 117 48 -18 69 41 1
60 6 -6 -128 -115 3 101 -61 8 81 -72 -49 67 1 -83 32
60 44 55 87 24 -23 -99 114 77 45 -54 18 -81 -29 52 -86
-21 -54 11 -90 -101 117 -118 65 71 -59 -6 16 27 -55 -39 -58
88 -22 65 -14 -44 -118 116 76 -109 -16 92 -54 14 -102 96 116
-107 63 123 -33 -31 -5 66 7 119 -5 -81 5 -22 70 45 14
-98 11 -74 21 118 121 -41 -122 -123 -35 -86 -105 96 -49 -44 9
-128 -22 -42 -65 98 -99 37 19 15 3 -75 66 99 44 -121 32
-46 -65 68 119 -50 -50 32 -29 -20 -112 -36 0 30 -89 106 42
-103 100 -85 59 62 -54 -53 76 60 -123 113 93 18 -35 84 -1
-79 75 -11 32 44 -67 -29 -114 -126 88 -41 73 59 -94 -59 54
-128 75 -114 -32 71 -76 2 7 86 100 -45 -6 19 34 46 -33
