1.533046206e-27 -1.048019770e-16 -3.119701121e+36 -1.753047547e+21 4.499577582e-01 3.186257024e+38 4.592765900e+14 -1.146931640e-20
2.229322544e+37 3.281446287e+30 7.950243594e+11 -1.239311544e-29 3.283377717e+13 -6.174456875e-32 1.049301400e+07 2.146205200e+07
3.627373762e+30 -4.892647732e-03 -1.415255343e+15 -9.132360615e+16 1.381764344e-23 6.737183913e+36 9.074769531e+03 4.170711067e-35
4.627253640e+30 -3.834198821e-15 2.432761366e-26 -1.800355352e+28 5.929945000e+05 -4.243160067e+19 1.146840428e-14 4.620945765e-05
5.417194810e-14 5.573136850e+17 -2.235746613e+02 -6.005334377e+00 3.086749794e+13 3.487935984e-08 -8.396656183e-25 -5.048985481e-01
-7.815357890e-07 -9.988644402e+22 -8.313360308e-13 1.076573360e+08 -7.534634403e+34 -2.443428349e-09 5.386372948e-08 3.474053107e-18
-9.314321576e-30 -1.192611459e-32 2.060041797e+04 2.441326939e+13 -5.973503343e-36 -4.650881577e-39 1.277907612e-20 -1.758895387e+26
1.530756014e-19 -1.313421308e-06 -1.266530880e-08 2.877808821e+17 2.361103295e+17 3.920817230e-12 3.490804613e-20 6.291052823e+35
2.210234624e+09 5.822707176e+00 8.292508794e-25 7.735908594e+04 4.034930421e+20 -3.852073017e+19 -3.408118725e+00 2.899438502e-12
2.195538515e-37 -5.989293440e+08 -5.863332864e+09 1.384148490e-10 -1.644680676e+29 1.945223649e-19 -2.811149878e+20 -2.583074756e-02
4.452886085e-15 -1.063469869e+13 1.262005555e-17 -6.248888320e+08 1.126279831e-01 6.754537500e+06 3.910323219e+18 2.558270100e+25
1.290537472e+10 -5.303503490e-36 2.145251329e-31 3.289048038e-07 -4.352837188e-11 -6.039944000e+07 -3.305055503e-34 -1.306646019e-31
-1.840546259e-33 1.024585939e+23 -1.005586644e-28 -2.246592978e-20 -2.333362354e-03 -3.119547000e+07 -1.096649788e-37 3.725753595e-10
-1.685582198e-16 2.537771680e+08 -1.458542674e+11 -1.462565686e+23 -4.034237679e-14 2.563681406e+05 -7.095295422e+16 1.268558247e-27
-1.948596590e+24 6.987837226e+37 -7.958892670e-38 -9.482187973e+26 -2.797911360e-32 5.985954038e+11 1.884722436e+28 -9.360598097e+17
-3.236840508e-25 3.340302041e+33 -1.475063908e+36 1.135655365e+02 1.029756880e-16 2.878380189e+34 2.788274651e-05 -3.445134676e+25
