-1.718491060e-38 -5.784961513e+27 -4.379526256e-14 -1.065980369e+13 3.889060054e+28 9.165091345e-29 -7.750668402e+27 -9.179013062e+01 1.590794444e+00 4.148632911e-24 1.245102859e+35 7.163113594e+00 4.289849688e+05 7.870305000e+06 1.400809774e+26 4.631214080e+10 -2.227285307e-07 4.880887718e-05 -3.173796127e-38 1.221188454e+15 -6.240062356e-10 -6.059101129e-35 -2.552535068e+20 8.741068857e-32 -4.818809128e+01 2.202772088e-32 5.798513281e+04 -1.281778812e+00 3.530638530e-20 4.631191831e+15 1.118433653e-20 2.475269139e-02
9.336214528e+09 -4.942188366e+31 1.098971825e-12 -1.850383170e-02 1.756423558e+21 3.772249921e+30 -6.903024936e-30 -1.074145842e-10 -1.729168562e-37 -2.922914911e+17 -2.927055503e-14 -2.514568615e-30 -1.119878844e+18 -6.281724550e-18 -3.063438000e+06 -1.008756214e-30 -7.660862098e-14 -1.852205048e-13 4.381585156e+04 -6.317304047e+20 -1.000991023e-08 nan             -4.077786482e+32 2.542271614e-01 5.022999080e-30 -5.227384382e+20 -1.148851743e-36 -2.035649798e-16 -4.203273257e+12 7.115160397e+15 -2.867711386e+37 -2.194685191e-01
-1.177857921e-33 -6.935466309e+03 1.880883388e+28 2.523600389e+35 -3.503293304e-13 9.445523137e-17 8.659590721e+00 7.385634974e+22 8.551871352e-36 -3.747141106e+35 1.874295849e+11 6.032300442e+13 -1.205104980e-26 -1.207670217e-31 4.918022272e+20 -1.029580430e+36 2.699902467e-02 -1.679609632e+36 2.109090236e-21 -1.059468712e+13 2.824840693e-24 5.317600910e-29 -3.483626545e+23 -9.955313060e-18 1.724192226e-18 -3.777508532e+37 -1.571808468e-16 5.060282548e+12 3.561970819e+25 -1.308741296e+35 -4.556853117e-09 1.088343932e+30
7.172006400e+09 -6.066451089e-37 -5.509622952e-35 1.130806469e+30 -1.418377069e+26 -3.008547048e+20 7.548982598e-13 -6.440174955e+18 8.772920815e+18 3.216734377e+26 2.920344920e+35 -8.919580630e-09 -3.172989608e-19 6.667621762e+23 8.952811797e+25 -2.367832662e-14 2.267002967e+17 4.870931734e-04 -5.836292267e+29 3.849081013e-21 -7.313729813e-39 -2.693474775e-15 4.029782649e+33 2.576718695e-16 -2.023383132e-07 6.520652018e-09 -5.410314560e+00 -3.543410373e+20 -3.423301265e+29 -7.839746075e-10 4.598469549e+15 -1.148420125e-01
9.415494079e-11 -6.780100784e-37 3.674481506e+02 4.189095064e+16 -1.811280336e-31 1.417340582e-18 3.301291669e+26 -2.651025064e+18 -1.124375577e-24 2.031671818e-26 1.683194511e+12 -5.675343728e+24 -5.678536339e-36 -1.813580258e-18 1.982311364e-11 3.408676300e+14 6.418825933e-07 -1.978921271e+36 1.435303980e+30 6.973602500e+06 -3.439037539e-23 5.340356809e-15 -3.366830784e+25 -2.563832525e-33 -1.861683093e-02 3.832602216e-24 4.034341569e-19 1.780755117e+17 1.645602695e-35 -5.223257904e-05 -5.923413835e-31 1.352650607e+20
7.669669899e-10 -4.118646560e-32 -2.409470081e-02 2.184517956e-16 1.997535825e-01 -4.311639255e+31 4.002175924e-09 -1.376706210e-35 9.314632238e+34 2.687477987e+29 -2.666836085e-18 -1.292524615e-27 1.650314445e+11 4.655181833e+32 4.933300472e-14 -3.208185732e-02 8.373820748e-08 -1.551044220e+18 -8.651388583e-08 -4.868108908e+37 3.009926586e-04 1.818925440e-01 1.114417369e-12 -2.257634399e-26 -1.653197174e+02 1.080889508e+12 9.462118100e+25 -6.335420148e+28 -1.677213097e+01 4.197719274e+30 2.546492372e+32 1.318669361e-19
1.187401749e+20 4.609571298e-41 1.921516316e-31 5.032103237e-30 -3.287094511e+34 -1.762214000e-03 0.000000000e+00 5.409539426e-06 5.184389136e-23 -7.580454083e-38 1.141669118e+32 -1.883399272e-28 -1.123641563e+21 1.002061988e-22 -3.320579212e+19 -1.309306328e+21 -7.391869726e+28 1.643737979e-32 8.202568735e-30 1.489335486e+32 7.190988537e-32 -9.877184107e+31 -2.853702000e+07 3.516863592e-16 -1.026595951e-32 -1.102604873e-17 2.237833550e+37 -8.693074435e-02 2.155810434e+34 7.280020613e-25 2.757017332e+17 -2.488728142e+01
5.039618240e+08 -1.969422974e+03 -6.246367149e+34 1.524773938e+32 6.384290831e+32 1.691905126e+10 1.120457982e+12 6.302128958e-13 -4.240261031e-09 2.114520839e-06 -2.527989388e+00 6.628564193e-17 -9.992631798e-32 -1.925975978e-01 -1.153170900e+38 -2.158011033e+25 -4.328647265e-06 -3.585981607e+00 -7.676039375e+05 3.988370736e-06 -9.993296640e+08 -8.528986206e+02 -8.619631360e+08 7.179051040e-31 -1.075876534e+23 5.096272559e-27 -1.540316495e-27 -1.278694224e-26 -6.747339662e+27 3.769615565e+10 -2.226133259e+23 1.225757415e+18
-7.370314598e+00 -5.746465452e+15 2.216549537e-26 -1.680966669e-38 1.004831926e+18 -5.282487295e-11 -3.475321972e-13 2.198122061e-35 -1.567772473e-03 2.747401047e-19 2.558429292e-33 -5.096878899e+10 -6.739431939e-16 2.778435400e+07 4.737755136e+10 -6.304665438e-38 -3.182729972e+25 -3.957272354e-29 5.746749268e+02 2.358423152e-33 -2.257220921e+16 -1.942434269e-10 2.336609817e+27 -1.720446110e+34 1.709162698e-22 -1.800968448e+09 1.785273664e-21 -2.987450353e-05 -1.863780169e-15 -2.244610481e-35 1.749542548e-06 -1.842661473e-36
2.570518683e-20 1.882394401e+16 3.935101649e-35 -5.453641713e-02 -3.328709450e+35 -3.429469247e-26 -7.074676205e-07 7.066468712e-16 -2.335423687e-06 -4.920429378e-28 -7.029564551e-30 -1.096943484e-32 4.924018346e-14 1.154558817e-36 4.984866894e+23 nan             2.746368494e+28 -8.050515814e-30 -7.910153969e+17 1.051414990e-28 -2.724141500e+06 -1.783350948e-03 -1.721290989e-16 -5.307579585e-17 9.045228921e-07 -2.470811089e+25 -4.423868347e-07 2.928465535e-26 -4.636555584e-09 1.330763121e+11 1.432712403e+26 4.678996480e+08
-4.502790980e-03 2.251609027e-15 -4.343872320e+08 7.595339463e+18 -7.104922880e-29 -7.401440112e-23 1.698106971e-34 nan             -1.443309560e+27 1.394456295e-19 2.347919548e-08 1.934626070e-12 -5.279971447e-07 -5.351112805e+33 1.051203640e-06 -9.038357256e-32 9.519829044e-14 -5.613775847e+23 -3.609515143e+27 1.442166002e-27 -2.821807145e+12 -1.103240740e-38 -8.848992481e+34 2.553616811e+20 -1.189642480e+08 -1.344047463e-37 -1.565520563e-27 2.242788355e-07 1.616194363e+27 -4.076054842e+35 1.095556335e+32 nan            
-5.555481438e-36 8.003163206e+13 2.307774204e+32 4.071171778e-34 -5.141063826e-16 3.035038330e+03 1.496647167e+01 -5.667452753e+32 2.293934326e+02 -5.897917137e-12 1.417191326e-33 -7.805287632e-33 1.321877562e-06 -3.019669529e+17 1.567490860e-32 2.503151966e+26 2.872377949e-27 nan             1.648826253e-32 -2.423604892e-04 1.326121200e+07 -1.293657625e-08 -1.731796997e-12 -3.103905328e-07 -2.927960295e-17 -7.487224548e-28 -1.622805664e+03 4.471712420e+27 -4.152283919e-32 -3.321233080e+11 1.975312714e-28 5.229198845e-30
2.254182074e-28 -3.799688420e-04 1.147248552e+20 -1.002370022e-17 1.059834539e-37 2.081558159e-05 nan             -6.957450562e+02 -2.086783386e+10 1.954472688e-26 -5.163345653e-19 -4.957986800e+07 -6.945206563e-12 -2.001681462e+13 1.642009414e-32 2.339775844e+33 6.886737823e+16 -1.406421584e+22 1.956691149e+11 4.706072000e+08 -8.242795022e+19 1.245633843e+10 -6.023946345e-22 3.830263932e-37 6.236857771e-36 -1.764751321e-19 -2.492901885e-09 -3.164655583e+12 7.418413982e-36 1.429325000e+05 3.107931465e-02 1.463945699e+31
-1.410820137e+22 2.399714427e-09 -1.845107921e-11 1.842548369e-31 -9.614867701e+21 2.585955911e+19 -2.294975402e+17 1.514825562e-04 -1.204497631e+33 1.983340730e+30 -5.869082018e+18 3.360984505e+13 1.228011000e+07 -9.169888921e+35 1.987285259e-06 2.875379395e+03 2.188092039e-04 6.197008789e+03 2.773226353e+22 2.689614392e+16 -7.877186917e+15 1.234553667e+16 2.759121526e-05 -8.596236534e+11 -3.433091820e-07 5.221306880e+08 -6.990941707e-14 -3.476399365e-28 -4.498671627e+34 -1.234858285e-33 4.934689688e+05 -4.759345353e-01
-4.328766251e+01 2.802552734e+04 -9.314094599e+13 -1.626051864e+13 8.171775179e-33 3.345264002e-21 3.300100267e-01 -3.038295622e-29 -5.662680984e-19 -1.157418787e-01 1.682134744e+33 -9.477536766e-29 4.235607500e+06 1.939561777e-02 -3.232632935e-06 -2.325651484e-24 2.257297152e+09 -1.535056530e+17 1.415827699e+38 1.895679766e+35 -8.961115052e-31 3.798192000e-36 2.411913600e+08 -3.654648332e-38 -1.490544693e-24 9.651738984e+16 3.357919498e-10 4.238335689e-32 4.994920881e-26 -1.175201574e+26 5.125125924e-08 -7.207313776e-01
1.280392740e-26 2.547413348e-36 2.340772422e-03 1.776884346e-05 1.631565926e-36 5.430495767e-35 -4.795822558e+13 -7.343950681e-03 1.682803778e+20 1.576005146e+23 -3.931620875e-25 2.907309104e+16 -1.065021755e-13 9.596958008e+03 6.371726376e-20 1.993218250e+06 1.238237999e+19 -1.256072355e+36 -7.986019230e-37 -6.406426496e-13 1.904643248e-17 -1.189043164e+04 7.551680243e+24 1.114344766e+05 1.746174514e-14 1.460592336e-27 -8.901823950e+16 -1.715181208e-27 nan             5.662356962e-20 -6.912166332e-31 7.868923123e-21
