5.188578598e-06 -4.336193178e-35 -1.866559390e-16 8.881495781e-35 -1.643590640e+37 2.658351318e+03 7.317631317e-20 -7.904554736e-20 1.265312258e-32 -1.725028064e+37 5.905145155e-23 -6.101668032e+30 -3.528970977e+25 -4.666706315e+24 2.869918570e-02 1.080601930e+27
9.910974853e+29 -3.108990490e-01 -1.005276938e+11 -9.539659424e+02 1.040662521e-11 1.819439446e+26 1.150813194e-33 -7.312153320e+02 3.558400764e-16 3.836673201e-09 -9.010324217e-29 -7.899274997e-20 -4.897605377e-34 -9.432775924e-26 -4.923941580e-24 8.868454461e-05
2.436677314e-04 4.549333330e+20 -3.558340003e-22 -5.806212861e-26 2.005381004e+16 3.542395018e-17 -4.812457801e-35 -1.681157050e-32 -1.550515742e+14 -4.616068960e+30 -3.428032511e-11 4.382394890e+34 5.655250500e+06 -5.456997366e+26 -1.396435264e-22 -8.119397502e-32
4.695999427e-32 5.791386939e-04 -1.584390998e-23 -5.872633446e+10 -2.281579810e-37 1.547778811e+30 1.248046011e-02 1.370900316e+11 2.650754787e+29 1.128801441e+01 -4.247512027e+31 5.763104000e+06 -1.562049770e+01 1.097838758e-04 5.248748826e+36 -6.643596292e-02
-6.015443927e+11 3.700926873e-34 -1.242984399e-05 8.854562654e+32 -6.077554570e+37 1.660356346e-25 3.482437200e+07 1.646427345e+01 5.604086206e-34 9.833537662e-22 8.132397112e-21 3.210646162e+15 2.660974650e+28 5.794422009e-08 8.464996873e+26 2.187066769e-38
2.539563340e-14 2.783984015e-14 -9.008863655e-10 4.159589186e-21 9.951672551e+22 6.683161668e+26 7.531109726e+14 2.249829764e+18 -4.400048947e+10 -2.150693703e+01 -4.295346150e-25 0.000000000e+00 4.393470657e-11 6.405991717e+22 8.497711955e+20 5.705733898e+11
1.219748168e+22 1.944335548e+12 6.131883196e-12 2.300552040e+27 1.235253662e-31 4.276333056e+09 1.110366683e-21 -1.094061107e-15 -9.379206436e+20 6.625141618e+19 -2.647996298e-04 2.197103788e-21 3.241434574e+00 -8.870999449e+24 -3.169889999e-21 -1.345002258e-27
5.431530588e-15 1.195511328e+05 -7.985487073e-38 -2.302440176e+30 -2.349703142e-20 -2.506557946e+16 -4.452646622e+23 -5.494352719e+17 -3.135422897e-15 5.061737650e+29 3.357863500e+06 -6.116546282e+30 1.205358240e-05 -6.402163422e-07 -9.514968023e+11 2.659397277e-33
-1.356421126e-05 -1.324160807e-27 -1.017606567e+03 4.260881248e-21 5.189360663e+36 1.126064328e+36 2.391597272e-27 4.351528558e-34 -3.971822668e+34 -8.689453125e+00 -7.555254459e+00 -1.457860608e+11 1.924822344e+05 4.482731027e-12 1.123096504e+20 1.525305038e-08
1.476601145e-19 -3.068846191e+03 -9.581342764e+20 1.505729813e-13 -1.455630726e-34 3.192609885e+29 4.989584856e-10 -3.088780113e+23 -4.504146054e-03 2.038647625e+06 1.331114834e+35 1.687240879e-31 -1.860162177e+35 2.837444481e-04 3.081824164e+37 -8.686447205e+14
-8.135677276e-30 -1.134312168e-24 3.847048548e+21 3.391057031e+04 -1.552274820e-32 1.057855456e-21 1.736762312e+28 6.112971899e+32 1.178560257e+00 -2.198742237e+13 6.664447181e+10 -1.246007741e-10 2.094423081e+12 5.354123190e-03 -2.106505621e-34 -1.406111868e-37
4.264362383e+33 -9.254126854e-38 -5.732513261e+37 1.151994505e+33 2.069580618e-10 -8.796260197e+34 -8.004076894e+15 -3.541179310e-38 4.049873978e-11 -5.019251716e-07 -3.522238464e+02 -4.804859688e+05 4.720912727e-07 -4.474503640e+15 -2.537860373e-11 -3.337890800e+07
5.193862032e+18 1.343629375e+05 -4.851566337e-04 -2.215224279e+11 8.316681267e-24 -1.863711717e+31 -1.483141332e-25 5.562187638e-03 -1.514549917e+18 -6.970505622e+34 -9.351903295e-38 2.351024575e-38 1.940826957e-20 4.441668411e-29 1.227506979e+17 -1.196891112e+18
7.942218389e-13 -4.575044134e+19 -7.575794918e-15 -1.177042996e+35 1.271723699e-10 7.946657590e+35 1.024042729e+12 5.215183762e+18 9.112613821e-32 -6.700442696e-33 2.847521371e+19 3.453792807e-12 5.779152500e+06 -2.347646114e-05 -3.683855242e-27 -5.794596081e-22
4.302568173e+27 7.332180019e-08 -3.092908645e-25 2.550210922e-07 4.933484644e-02 -7.947169990e+18 nan             -2.460534544e-29 -1.925346306e-22 -1.143725669e-25 -5.196610137e+27 2.564240179e+10 1.709404916e-13 -3.151724391e+29 -1.990847031e+05 3.458764850e-14
-2.134211273e+02 1.222124672e+09 -1.246675923e-01 8.115081397e-38 1.653888717e-06 1.048626556e-19 nan             2.070338212e-07 2.184077896e+25 -3.656986593e-25 3.038026606e-26 8.067382812e+01 3.245637009e+21 -2.009954507e+31 -2.397763994e+11 -4.977005526e+16
