-5.296875000e+00 -1.525781250e+01 -1.496582031e-01 4.542968750e+00 -8.875000000e+00 8.789062500e-03 -5.093750000e+00 -1.983642578e-02 -9.889602661e-04 -2.154541016e-01 -4.019165039e-02 2.798828125e+00 -2.104043961e-04 -5.073547363e-04 2.354431152e-02 3.125000000e+01
2.294540405e-03 1.303863525e-02 7.762908936e-04 -1.150512695e-01 -6.339843750e+00 2.952575684e-03 2.876953125e+00 1.108593750e+01 8.088350296e-05 2.695083618e-03 6.406250000e-01 1.869201660e-02 -2.685546875e-01 2.006250000e+01 2.441406250e-02 1.035937500e+01
5.605468750e-01 -1.705169678e-03 3.179687500e+00 3.805541992e-02 2.807617188e-03 1.180419922e-01 5.944824219e-02 1.907348633e-06 -6.690979004e-03 6.835937500e-01 3.053665161e-03 1.534223557e-04 6.896972656e-02 -3.218750000e+00 -3.464355469e-01 6.494522095e-04
-1.431884766e-01 1.082763672e-01 -6.186523438e-01 1.043081284e-05 2.039062500e+00 1.327514648e-03 -4.327392578e-02 -6.904296875e-01 2.115964890e-05 4.472656250e+00 4.780273438e-01 1.541137695e-02 -2.356250000e+01 -1.149773598e-04 2.433776855e-02 -1.636743546e-04
-1.220107079e-04 -7.641601562e-02 1.875000000e-01 1.024169922e-01 -4.076957703e-04 -1.500000000e+01 -7.641601562e-01 -2.174377441e-04 1.914024353e-03 1.555442810e-03 9.638071060e-05 1.655817032e-04 -7.631835938e-01 6.842613220e-04 1.388788223e-04 5.695312500e+00
-3.631591797e-02 -5.152343750e+00 -4.987792969e-01 4.291534424e-06 -1.876953125e+00 9.584960938e-01 -3.917968750e+00 5.077362061e-03 -4.703125000e+00 2.503967285e-02 -6.947517395e-04 -1.409912109e-01 -3.662109375e-02 3.187656403e-04 2.532812500e+01 -5.355834961e-02
2.867126465e-02 -1.183509827e-03 1.224609375e+00 3.588000000e+03 -3.868341446e-05 3.181640625e+00 4.755859375e-01 1.719726562e+00 2.241134644e-04 7.644531250e+00 -7.417968750e+00 -6.432533264e-04 1.567840576e-03 2.342187500e+01 -5.302429199e-04 2.348423004e-04
4.482269287e-05 2.606250000e+01 -3.648437500e+00 2.352294922e-01 -1.134765625e+00 2.671813965e-02 1.667187500e+01 -1.387695312e+00 2.494140625e+00 -8.983612061e-04 -2.145767212e-04 -6.109476089e-05 9.137392044e-05 -2.612500000e+01 2.628564835e-05 -3.850460052e-05
-1.123437500e+01 -1.040039062e-01 -8.792877197e-04 5.561113358e-05 1.278877258e-03 9.417533875e-04 -4.394054413e-04 1.941680908e-03 1.273193359e-01 1.695632935e-03 -1.495117188e+00 -3.042221069e-04 -2.635937500e+01 1.078844070e-04 -2.130126953e-01 2.472400665e-04
1.645088196e-05 1.246452332e-03 -1.111030579e-03 -2.292633057e-03 -9.096679688e-01 8.826255798e-04 -9.609375000e-01 -3.964233398e-02 1.772460938e+00 -2.886962891e-02 -8.125000000e-01 2.591609955e-04 -7.148437500e-01 1.281738281e-03 -1.753568649e-04 -1.354217529e-03
1.346093750e+01 8.056640625e-02 -5.699157715e-03 -8.833007812e-01 1.291992188e+00 8.020401001e-04 2.409375000e+01 2.910937500e+01 -1.780700684e-02 -5.419921875e-02 -9.503364563e-04 -1.809082031e-01 -4.726562500e-01 7.801055908e-04 8.880615234e-03 8.702278137e-04
-2.001953125e-02 5.636596680e-02 2.152099609e-01 4.625320435e-05 3.046035767e-03 3.984375000e+00 -2.058410645e-02 1.068115234e-01 -8.842468262e-03 -9.828125000e+00 -1.618164062e+00 -4.238891602e-02 4.528808594e-01 -4.122924805e-02 -4.699707031e-01 -1.940625000e+01
4.230957031e-01 -1.722574234e-04 -1.296997070e-03 -1.541748047e-01 1.385937500e+01 -5.558593750e+00 -7.416992188e-01 -4.791259766e-02 -8.929687500e+00 -1.638183594e-01 2.662658691e-03 -1.951562500e+01 -8.647460938e-01 1.396093750e+01 3.026562500e+01 -1.112937927e-03
-5.930662155e-05 -5.040168762e-04 -4.783630371e-03 -1.896000000e+04 -8.350610733e-05 2.743530273e-02 1.084136963e-02 -1.599121094e-02 -2.329687500e+01 -1.452636719e-02 -9.036064148e-04 7.138671875e-01 3.628906250e+00 3.437995911e-04 -1.573562622e-03 4.869699478e-05
-2.298437500e+01 -4.371093750e+00 -1.376867294e-04 1.039062500e+00 -2.609252930e-02 -8.368492126e-04 -5.596876144e-05 -4.057884216e-04 -7.727050781e-02 1.703262329e-03 -5.288124084e-04 1.858398438e+00 -5.941390991e-04 -6.609375000e+00 1.780273438e+00 5.393028259e-04
6.886718750e+00 1.165270805e-04 -2.009277344e-01 8.094787598e-03 -2.609252930e-02 -6.757812500e+00 1.688003540e-04 1.877784729e-03 -6.726074219e-02 2.072143555e-02 -1.160278320e-01 3.386718750e+00 2.446174622e-04 1.242828369e-02 -7.963867188e-01 2.445220947e-03
