3.838539124e-04 2.691200000e+04 -2.107421875e+00 1.090820312e+00 1.650000000e+01 2.586841583e-04 2.696228027e-02 1.165625000e+01
6.756782532e-04 1.600000000e+01 1.407226562e+00 1.409053802e-04 -5.728149414e-02 -3.250122070e-02 1.054687500e-01 -1.169531250e+01
-1.805114746e-02 4.745483398e-02 -1.397705078e-02 -6.902343750e+00 2.856250000e+01 -1.144531250e+01 -9.631347656e-02 1.667187500e+01
3.490447998e-03 8.982419968e-05 -3.571777344e-01 1.934814453e-01 -3.032684326e-04 1.940917969e-02 -1.112365723e-02 3.832578659e-05
1.061523438e+00 7.061958313e-04 -1.962500000e+01 -1.539611816e-02 -2.022705078e-01 -7.414817810e-04 -1.081250000e+01 2.236328125e-01
6.284713745e-04 -6.051635742e-02 4.572753906e-01 -1.011490822e-04 -2.358398438e-01 4.704589844e-01 -2.500534058e-03 -2.489062500e+01
4.680175781e-01 -7.785797119e-03 5.712500000e+01 -7.216796875e-01 -6.748199463e-03 1.187920570e-04 2.336502075e-05 2.332687378e-03
2.363204956e-03 -1.921386719e-01 -3.475189209e-03 4.763603210e-04 3.528594971e-05 -1.285937500e+01 -1.544921875e+00 3.657226562e-01
-1.606445312e+00 2.734375000e-02 -6.105468750e+00 -1.478271484e-01 -8.850097656e-02 -3.345012665e-04 -4.714355469e-01 -3.597736359e-04
5.380859375e-01 2.244567871e-02 -4.215240479e-04 -7.820129395e-05 1.507568359e-01 1.158714294e-04 4.077148438e-01 -8.696317673e-05
-4.839843750e+00 -3.305053711e-02 3.472000000e+03 1.187896729e-02 5.226562500e+00 3.972053528e-04 2.669921875e+00 5.236816406e-02
-5.911254883e-02 7.646484375e-01 8.380000000e+02 -9.257812500e+00 3.093750000e+00 -3.646850586e-02 5.273818970e-04 7.987022400e-04
1.002807617e-01 3.902435303e-03 -2.751562500e+01 7.222656250e+00 1.351562500e+00 6.538391113e-03 -7.156250000e+00 -6.225585938e-01
6.215820312e-01 -7.242187500e+00 -9.460937500e+00 -9.102821350e-04 7.796287537e-05 3.000259399e-03 1.015014648e-01 -1.797676086e-03
-3.874511719e-01 2.732421875e+00 3.110000000e+02 -1.796875000e+00 1.149414062e+00 -2.291259766e-01 -1.103281975e-04 -1.887321472e-03
7.629394531e-04 -2.734375000e-02 8.289062500e+00 4.165172577e-04 -8.785724640e-05 -4.391479492e-02 6.937980652e-04 1.126527786e-04
