-2.677440643e-04 5.359649658e-04 -3.666877747e-04 -1.882812500e+00 -8.046627045e-05 5.415039062e-01 -1.414062500e+01 -2.271728516e-01 6.972656250e+00 -1.750183105e-02 -1.591444016e-05 2.044439316e-05 -7.212162018e-06 5.764961243e-04 -1.375675201e-04 -1.935958862e-04 -9.360313416e-04 -1.997070312e-01 4.193782806e-04 7.433891296e-04 -9.453125000e-01 -9.164062500e+00 -5.847930908e-03 7.000000000e+00 -3.574218750e+00 -3.003125000e+01 -4.534912109e-02 2.060937500e+01 -2.262592316e-04 1.405715942e-03 -6.750000000e+00 -4.951477051e-03
-3.038024902e-02 -2.645874023e-02 -9.045410156e-02 2.800000000e+01 1.021118164e-01 7.060546875e-01 -3.848075867e-04 2.366304398e-04 -9.765625000e-01 3.623962402e-05 -2.775878906e-01 1.516601562e+00 2.206563950e-04 -3.350830078e-02 1.473388672e-01 -2.545312500e+01 -5.394531250e+00 -2.396875000e+01 7.975101471e-05 -4.920959473e-03 9.085937500e+00 8.974075317e-04 -6.785392761e-04 -4.243164062e-01 -7.648437500e+00 -1.797851562e+00 2.145312500e+01 -3.021240234e-03 -8.531250000e+00 6.584167480e-03 5.952148438e-01 -8.796875000e+00
1.430511475e-04 3.660156250e+00 -6.127929688e-01 -9.256601334e-05 8.429687500e+00 -4.458618164e-02 -1.054687500e+01 2.251953125e+00 -3.919921875e+00 -3.055572510e-03 1.139068604e-02 -3.997802734e-03 -2.989768982e-04 1.276367188e+00 -2.467041016e-01 -3.642578125e+00 2.005859375e+00 2.691406250e+00 -2.983093262e-03 -1.503753662e-02 -1.143798828e-01 6.215820312e-01 -2.192187500e+01 -3.308105469e-02 1.441955566e-03 -2.084375000e+01 -3.254413605e-04 -2.212500000e+01 -2.661132812e-01 -6.561279297e-03 1.332031250e+00 -1.957416534e-04
9.450912476e-04 -4.104003906e-01 6.173706055e-02 -4.789829254e-04 -7.457031250e+00 -3.216552734e-02 0.000000000e+00 8.642673492e-06 2.910614014e-03 -2.160072327e-04 5.023193359e-02 -2.284049988e-04 2.980957031e-01 -6.408691406e-02 -4.941406250e-01 4.074218750e+00 -1.043750000e+01 4.489898682e-03 -1.121163368e-04 -2.988281250e-01 -7.762908936e-03 -3.843307495e-04 -3.906250000e-03 4.367828369e-03 1.979827881e-03 4.627227783e-03 -2.258300781e-03 -1.266479492e-02 -3.394531250e+00 -inf            7.331371307e-06 6.523437500e+00
6.752014160e-04 1.071777344e-01 9.130859375e-02 -4.984375000e+00 -5.691528320e-03 -1.915693283e-04 1.205205917e-04 1.945495605e-03 1.311302185e-05 -1.598358154e-03 -9.145736694e-04 -1.546859741e-03 -1.899719238e-02 3.755092621e-05 2.682209015e-05 -5.203247070e-02 -4.656982422e-02 -1.394653320e-02 -2.790527344e-01 -7.218750000e+00 -1.365625000e+01 1.979980469e-01 -9.356689453e-02 3.559112549e-03 -1.480865479e-02 9.232759476e-05 8.300781250e-01 -8.721351624e-04 4.756450653e-04 -5.739927292e-05 9.045600891e-04 5.191406250e+00
6.401538849e-05 -7.726562500e+00 -2.630615234e-02 -1.043081284e-04 2.772521973e-02 1.510156250e+01 -1.456451416e-02 1.606445312e-01 -1.348257065e-04 -1.370117188e+00 -1.014843750e+01 3.337890625e+00 -3.939819336e-02 2.236328125e+00 -7.104492188e-01 -1.445770264e-03 -7.167968750e-01 2.116394043e-02 5.397796631e-04 3.530883789e-02 -7.304687500e+00 1.226806641e-01 -2.871093750e+00 -5.023956299e-03 -6.805419922e-02 8.906250000e+00 6.206054688e-01 -2.419921875e+00 -7.250976562e-01 1.984375000e+01 -1.893750000e+01 4.695312500e+00
3.807544708e-04 -8.750915527e-03 3.790855408e-04 1.502343750e+01 8.312988281e-02 1.022460938e+00 -2.425537109e-01 -1.348876953e-01 -3.781127930e-02 -9.256601334e-05 -4.599094391e-04 -4.601478577e-05 2.982812500e+01 8.538818359e-02 2.195312500e+00 1.452343750e+01 1.897811890e-04 2.659606934e-02 -1.631736755e-03 -5.001068115e-03 -9.279251099e-04 -4.323730469e-01 3.803710938e-01 -1.232624054e-04 1.129508018e-04 1.273193359e-01 3.025000000e+01 -1.681327820e-03 -9.483098984e-05 9.697265625e-01 1.310156250e+01 -5.200195312e-02
-3.873825073e-03 8.602142334e-04 -1.989257812e+00 1.507568359e-01 -3.492187500e+00 -1.139640808e-03 6.378906250e+00 -6.650390625e-01 1.010742188e-01 1.010298729e-04 -2.243518829e-04 4.367065430e-02 4.789829254e-04 -3.384765625e+00 -1.633300781e-01 9.361267090e-03 -1.138305664e-02 2.065429688e-01 -2.775192261e-04 1.822471619e-03 -8.378028870e-04 3.066406250e+00 2.529907227e-02 9.753417969e-02 1.205444336e-02 1.340866089e-03 -1.008510590e-04 -2.197265625e-03 3.659725189e-04 -2.561569214e-03 4.685058594e-01 2.318620682e-04
-4.055786133e-02 5.903244019e-04 -3.032684326e-03 2.412109375e+00 1.405029297e-01 1.399230957e-02 2.670288086e-03 -1.873970032e-04 -1.149773598e-04 6.791992188e-01 -1.217651367e-02 -1.288085938e+00 4.808902740e-04 -8.390625000e+00 2.250671387e-02 4.467010498e-03 -2.943750000e+01 1.102294922e-01 1.836914062e+00 5.804687500e+00 1.180648804e-03 6.143188477e-02 4.507812500e+00 -2.813339233e-04 1.392364502e-04 -4.010200500e-04 -1.228906250e+01 3.757476807e-03 1.158118248e-04 5.874633789e-04 2.759765625e+00 -3.483295441e-04
-1.287460327e-05 -8.449554443e-04 -3.244628906e-01 4.336833954e-04 4.577636719e-04 -3.619194031e-04 1.006722450e-04 -2.832031250e-02 -4.053115845e-04 6.246093750e+00 1.567968750e+01 1.406860352e-02 7.324218750e-04 -8.738040924e-05 7.626953125e-01 -1.622314453e-01 -1.246452332e-03 7.105468750e+00 -4.541873932e-05 1.893310547e-01 7.203125000e+00 4.877929688e-01 -2.903747559e-02 -7.635498047e-02 1.009375000e+01 -2.168750000e+01 -3.680419922e-02 2.340087891e-01 -2.937500000e+01 -1.456054688e+00 -3.170967102e-05 -5.706787109e-03
-1.002343750e+01 -1.751708984e-02 -2.333984375e+00 5.717773438e-01 -4.553794861e-04 -9.812500000e+00 3.044921875e+00 -1.967187500e+01 4.816055298e-04 -2.326965332e-02 -2.217187500e+01 8.807373047e-02 2.189874649e-04 6.355285645e-03 -2.643750000e+01 1.378059387e-03 -1.116991043e-04 -1.806640625e-02 5.786132812e-01 -9.527587891e-02 1.990795135e-05 -6.595611572e-03 6.753906250e+00 8.215332031e-02 -2.543750000e+01 -9.679794312e-04 6.542205811e-04 -9.498596191e-04 4.077911377e-03 4.937500000e+00 -2.238769531e-01 6.950378418e-03
-6.591796875e-01 -5.531311035e-03 -1.093750000e+01 2.645492554e-03 -1.862500000e+01 1.614570618e-03 -1.765251160e-03 -2.398437500e+00 7.988281250e+00 1.700195312e+00 2.307128906e-01 -3.171875000e+01 4.974365234e-02 -1.784179688e+00 5.508422852e-02 -9.210937500e+00 8.515625000e-01 -1.099609375e+00 -4.867553711e-03 -3.283023834e-04 1.131892204e-04 -1.476562500e+01 -8.239746094e-03 3.729248047e-02 -2.314062500e+01 -4.646778107e-04 6.683349609e-03 8.744001389e-05 1.317977905e-03 2.815625000e+01 -5.409240723e-03 -7.390975952e-06
3.180503845e-04 -9.204101562e-01 -5.960083008e-02 -2.828979492e-02 1.283264160e-02 -3.159046173e-05 2.197265625e-03 4.131793976e-04 6.481170654e-03 -3.761291504e-03 -3.501892090e-03 -6.550781250e+00 6.109619141e-02 1.322031021e-04 -2.818107605e-04 7.617473602e-05 -4.327297211e-04 -1.689147949e-02 -1.531219482e-02 3.830566406e-01 6.076049805e-02 -5.731582642e-04 -8.598327637e-03 3.819465637e-04 -4.586791992e-02 8.231401443e-05 1.048088074e-03 2.244710922e-04 -1.343750000e+00 -9.741210938e-02 1.251220703e-03 5.002021790e-04
2.658081055e-02 1.116752625e-03 6.942749023e-04 6.488281250e+00 7.064819336e-03 -1.337051392e-03 -7.742643356e-05 3.839492798e-03 -2.353191376e-04 4.684925079e-04 2.884864807e-05 -2.005004883e-02 -2.398437500e+01 -1.051562500e+01 1.008605957e-02 8.058547974e-04 6.305694580e-03 1.951456070e-04 -3.613281250e-01 1.658439636e-03 -2.617187500e+00 4.931640625e-01 -1.167654991e-04 -1.643554688e+00 6.046295166e-03 6.557617188e-01 2.717971802e-03 -1.606250000e+01 -7.128906250e-02 1.599311829e-03 1.679687500e+01 -2.243750000e+01
-1.285552979e-02 -3.638671875e+00 2.151489258e-03 6.756591797e-02 1.771926880e-03 7.859375000e+00 1.722656250e+00 -1.477343750e+01 -5.755615234e-02 -5.058593750e-01 -3.005981445e-02 -9.370117188e-01 -1.350097656e-01 3.032684326e-03 -5.587768555e-02 -2.833984375e+00 1.396093750e+01 -1.109375000e+00 1.215934753e-03 6.237030029e-03 8.165836334e-05 3.723144531e-03 -3.541946411e-03 2.587890625e-02 1.121520996e-03 1.852989197e-03 -5.424499512e-03 -3.835449219e-01 -3.693359375e+00 3.125667572e-04 -8.207559586e-05 -1.789093018e-03
2.126693726e-03 -1.844167709e-04 -2.273437500e+00 -4.970703125e-01 -2.903125000e+01 3.973388672e-02 1.640319824e-04 4.372558594e-01 -7.812500000e-02 1.659393311e-03 -2.626562500e+01 1.717773438e+00 3.765106201e-03 -2.416372299e-04 1.421093750e+01 -9.649658203e-02 -3.375244141e-02 1.402854919e-03 -1.387596130e-04 -2.658843994e-03 3.010559082e-02 -9.552001953e-03 7.895507812e-01 -5.258178711e-02 -1.120567322e-04 4.477500916e-04 4.376220703e-02 1.024007797e-04 -7.808593750e+00 4.267692566e-05 -3.297805786e-03 1.468658447e-03
