45 -55 36 127 -128 -128 -81 127 -43 88 33 -80 -34 -24 50 -67 -83 91 -13 76 113 -46 -92 50 40 -109 -52 -89 -66 -48 -121 33
-79 -100 90 127 -128 -128 -18 127 -19 25 26 0 106 -54 34 -2 49 107 92 57 14 90 -123 -69 -46 -5 -28 83 -52 -122 -33 -63
124 -98 9 127 -128 -128 31 127 -80 87 75 4 -92 79 35 41 -109 -56 19 96 68 54 81 54 38 -10 -48 125 75 5 -42 75
-17 -11 -27 127 -128 -128 -55 127 -126 77 -82 92 -67 -22 9 -48 -83 25 -35 63 -101 -45 45 -54 17 -87 60 126 -56 -13 102 -128
-71 -99 82 127 -128 -128 -93 127 92 -105 -15 82 -126 -57 -108 -112 12 99 -87 -40 -85 7 -97 -58 -119 -124 -82 -54 56 -83 33 110
-11 -85 96 127 -128 -128 105 127 107 98 36 95 -114 -15 4 50 13 54 -101 18 -46 97 61 103 -10 30 -76 80 -112 5 26 -100
96 -7 -128 127 -128 -128 -10 127 -57 -44 106 -9 -34 -46 53 -116 -124 -104 123 4 -36 -36 40 -80 -7 -14 120 -125 81 109 84 95
-106 74 -111 127 -128 -128 16 127 -72 17 -56 95 30 -64 -67 -36 -71 2 -99 84 79 15 -63 -111 -93 93 77 103 49 76 90 59
-18 64 108 127 -128 -128 81 127 -19 -94 -57 -50 26 -39 45 110 52 -7 53 77 20 -26 -118 -71 -84 125 -98 -112 105 -7 67 -69
104 -96 124 127 -128 -128 79 127 75 91 -118 51 -105 46 -63 21 -95 -15 75 79 101 -60 16 77 -28 60 77 88 45 -97 118 38
100 93 -98 127 -128 -128 -105 127 -21 0 103 127 -51 -41 51 -81 -12 -33 56 -14 37 33 -43 21 65 -15 -32 13 -61 81 -97 -14
-83 51 11 127 -128 -128 37 127 -118 66 12 -15 4 34 66 -5 105 -106 7 106 -35 -76 27 -51 62 -100 23 106 -55 51 29 91
117 8 -100 127 -128 -128 -61 127 31 -21 79 -126 -61 109 -66 -11 34 80 102 -85 -47 46 -117 43 8 -2 43 98 -99 -58 57 -80
42 31 -112 127 -128 -128 107 127 -64 -39 -30 2 46 22 44 -7 97 -108 38 -58 -87 69 -20 -81 48 -89 -91 -120 -24 -29 91 -77
43 -45 28 127 -128 -128 72 127 66 -35 120 77 -8 98 118 15 -36 -45 -60 -63 -70 -46 -63 87 87 -124 87 -122 -75 106 98 27
108 52 88 127 -128 -128 -122 127 107 -41 -19 -91 51 -126 100 -15 -7 18 -12 -99 83 49 56 64 -84 -36 -100 40 107 -43 27 43
