-32 23 101 -108 -31 -128 54 127 93 -36 27 43 -14 -109 125 125
0 -125 -30 -86 108 -128 68 127 24 -72 -90 -124 -115 -15 -85 -77
-128 5 109 117 29 -128 -47 127 117 51 -53 -60 -112 -76 -70 -68
-10 87 -11 64 -88 -128 28 127 22 52 78 -17 26 10 -74 -115
27 29 -100 -35 119 -128 -24 127 102 66 56 115 -57 62 99 -15
94 101 8 17 -53 -128 -58 127 126 -9 68 -82 50 -13 -10 28
17 44 -51 78 -61 -128 -70 127 -13 91 -84 -43 14 67 -124 84
-36 -15 -4 -13 -77 -128 -31 127 -44 107 -72 -97 17 48 -65 -49
-117 -32 58 40 18 -128 -45 127 -84 96 81 -24 -96 68 126 58
89 66 -16 -120 106 -128 -94 127 37 -74 -63 9 -47 0 -80 31
64 87 8 115 -82 -128 -82 127 -80 5 -87 8 -48 -123 62 35
-117 -13 -16 -76 7 -128 -48 127 -53 70 114 50 113 42 -57 -79
57 122 0 -2 83 -128 0 127 -100 -108 -47 91 -54 -18 41 -3
27 -19 -56 -65 -17 -128 -1 127 28 -119 104 37 -97 38 114 -40
-120 -31 100 -96 -28 -128 -110 127 -16 -13 110 99 6 81 -113 27
-37 2 22 89 29 -128 -25 127 127 40 1 -127 62 -114 -44 -124
