-1.793020508e+03 -3.251360453e-17 -1.947222957e+27 -1.095353655e-04 7.162907653e+21 -7.032275796e+16 2.194813946e-34 1.496034368e+30
-1.827988736e+09 -1.308366906e-33 -3.167084961e+04 1.860671058e+17 -8.328872708e+19 -6.920411621e+03 9.591653376e+09 -4.170251545e-03
1.045324808e-29 1.619816614e-09 -2.660512837e-05 3.659445538e-38 2.470156670e+00 2.166115353e-34 -2.889735300e-25 4.415523885e-15
-8.430216085e+23 -9.399206289e+15 -5.880130921e-03 8.154385682e-07 -1.114995282e+36 9.736730462e+27 2.449163600e+07 6.716976699e+20
9.740374830e-24 4.060972266e+04 -1.213590720e+08 -8.759925644e-25 2.640450570e-26 7.781322251e+20 8.953748381e-17 -9.716713428e-02
-3.540101693e+11 3.186378650e+18 1.130603510e-11 5.933637645e+18 -1.992700073e+34 -5.858444511e-15 5.172911003e-31 -3.190770218e+21
9.409797500e+05 1.294165770e-07 -4.170398711e+33 -3.350251559e-23 7.851231601e-13 2.395797729e+00 2.485004296e-26 -1.175105570e-25
-2.551078637e-07 1.219978317e-34 1.330847225e+19 -1.387764515e+12 2.121616456e+29 -2.137904758e-24 8.237204123e+33 3.371467791e-31
9.159019589e-01 7.092477601e-21 4.957366317e+19 -1.358891041e-06 -5.608023991e-19 -1.968355392e+20 1.481217649e-10 -1.939875715e-33
-3.666587622e-22 -1.129824076e-27 1.082257502e-35 7.530584453e-28 -2.930159260e+34 -1.915766816e-15 -6.461187277e+10 -1.856636844e-09
-4.383874950e+20 -4.586898274e-29 -3.739467773e+02 1.463536319e-04 2.927245002e+23 -1.046457295e-37 -1.793700188e-09 -1.860998551e-12
2.421059901e-29 -1.991739616e-22 4.702983648e-37 1.932004689e-28 5.199811254e+35 -9.409849497e-35 5.837745489e-19 1.683511113e+23
2.585035589e-36 -4.204211056e-20 7.307657373e+25 -1.959886724e+15 -1.834023859e-14 -9.767553939e+29 -2.365126287e+34 -3.925373190e+31
-3.030634285e+14 1.261889600e+08 -2.358139265e+36 2.367368500e+06 7.251137676e-29 -4.379331234e-37 -1.050323108e+33 4.700488750e+05
-3.623030756e+31 7.404402563e-20 -9.070424692e+19 -1.074574484e+19 1.082181438e-37 -6.495826528e-04 -1.396930218e+01 -4.868474840e+30
4.208155789e-37 -2.566188684e-08 -1.151708928e+09 2.094490979e-15 3.400842818e+23 -4.011892378e-01 4.857973832e-12 -8.900985718e+01
4.470786761e+23 1.943166408e-21 2.677166485e-13 -2.051319625e+06 -2.856478075e-13 7.758648425e-33 1.651697440e+31 2.935568750e+06
-6.495183698e-07 3.483449120e-07 1.830229397e+28 2.149716596e-14 2.410828483e-17 -2.566300371e+24 2.565574356e-37 -2.576147812e+05
1.718430006e+36 -6.087179902e+31 -4.740062232e-10 -8.176832580e-07 -2.811592037e-15 7.650400499e+20 7.891752643e+27 5.063947367e+15
-3.995635724e+15 -3.779256145e-21 8.880180704e-22 1.846257757e-20 -1.828633831e-03 1.122273203e-23 -3.950172930e-36 2.519533471e-10
5.097777630e-18 3.208008454e-18 -6.173231334e-19 2.349906262e+15 -4.217518336e+09 -4.604877842e+19 -2.410471115e-26 3.926532569e+33
-3.291249229e-08 -2.484964950e+12 -5.356200157e-29 -5.585807513e+32 2.536309880e-18 2.570977502e-12 -2.384637863e+33 2.865566671e-14
-2.676256563e+10 1.447548416e+10 -5.087023230e-15 8.902222869e+24 2.953263092e+01 7.615702375e+20 -1.083197987e-32 -3.500304701e-14
1.015890123e-17 -2.105726727e-24 -2.313365956e+20 8.433605544e+29 -1.657743006e+30 -1.327002066e-13 -4.975548369e+20 -2.651807403e-14
-7.443584500e+06 -6.828538620e+23 2.798675182e+18 1.686170148e-23 3.197511292e+02 1.170691916e+24 5.804816011e-24 6.001339108e-02
4.474956583e-08 2.641266426e+23 -4.886277613e+19 -1.127510394e-36 -1.600698283e-06 -3.010404286e-21 -3.141441650e+03 1.322083610e-12
-1.087155856e-30 1.878951690e+11 -2.478224924e-03 -1.667442732e-02 4.658762708e+21 3.893691758e+24 -2.951113672e+04 1.214560709e-17
-9.194969360e-34 -4.825134277e+00 -2.492134138e+14 -7.041778688e+09 -1.348824373e+22 -1.023189083e-34 1.595080991e-21 -1.492855597e+21
-5.948749970e-31 2.181804276e-24 5.585458207e-10 -1.665066701e+10 7.684655940e+12 -7.939992863e-29 6.134460787e+28 1.256788510e-11
2.118537582e+15 -2.043996049e-11 -1.728178114e-01 -1.288827899e-11 -1.744728776e-33 -8.408106567e-08 -3.662514893e+03 -2.117389642e-24
1.605949299e+30 1.496917301e-27 -1.154434570e+37 3.646354318e-34 8.612761934e+26 -3.797660928e+09 4.932194214e+02 -2.476350615e+29
-4.638253985e-19 -5.458270618e+12 -9.403965440e+09 1.697656920e+23 4.010147605e+20 -3.857926969e-25 1.270809735e-17 -1.889154472e-23
