1.415014267e-04 -6.632812500e+00 2.527236938e-04 1.708984375e-03 4.488281250e+00 5.608797073e-05 1.296997070e-04 -1.660937500e+01
2.223253250e-05 1.542968750e-01 -2.931250000e+01 1.963376999e-04 3.087997437e-03 2.673339844e-01 -1.889648438e+00 3.953125000e+00
3.225708008e-02 1.464080811e-02 3.130435944e-04 2.403259277e-03 3.236770630e-03 3.039836884e-04 -1.067519188e-04 -5.252838135e-03
1.281738281e-01 -5.146026611e-03 -1.081054688e+00 -3.028869629e-03 -2.334117889e-04 -3.280639648e-03 -1.269578934e-04 3.833984375e+00
-5.270385742e-02 1.229248047e-01 5.066406250e+00 2.264976501e-06 -5.298614502e-03 3.468750000e+00 -8.445312500e+00 2.021484375e+00
7.003784180e-03 -7.125854492e-03 1.087646484e-01 -3.130859375e+00 -4.426269531e-01 2.212890625e+00 1.014709473e-02 1.065826416e-02
1.055002213e-05 3.223419189e-03 4.880371094e-01 -3.775024414e-02 6.689453125e-02 -3.021240234e-02 7.194519043e-03 -5.816650391e-02
4.152343750e+00 0.000000000e+00 -2.943359375e+00 -4.299163818e-03 1.775390625e+00 1.200561523e-01 8.325195312e-02 -6.656250000e+00
-2.708435059e-04 -2.624000000e+04 3.671875000e+00 3.069639206e-05 1.035937500e+01 7.754564285e-05 -2.017211914e-02 -5.435943604e-04
-2.194643021e-04 1.600000000e+01 1.150369644e-05 4.067420959e-04 -2.109375000e+01 8.834838867e-03 -2.985000610e-03 2.299804688e-01
1.053810120e-04 -8.559226990e-04 4.848480225e-03 3.154296875e-01 -3.495216370e-04 4.398437500e+00 5.230712891e-02 1.746875000e+01
1.615285873e-05 1.789550781e-01 -7.192382812e-01 8.168945312e-01 -1.370429993e-03 -1.603364944e-04 6.250000000e-02 1.437377930e-02
-9.482421875e-01 2.548694611e-04 3.273925781e-01 -2.498626709e-03 -2.378906250e+00 5.375976562e-01 -5.640625000e+00 -2.328872681e-03
6.645917892e-05 2.070665359e-04 -2.601623535e-02 -1.955032349e-05 1.769065857e-04 1.111328125e+00 -2.253055573e-05 -4.045410156e-01
-3.038024902e-02 1.759529114e-03 -1.832580566e-02 -2.658203125e+00 -4.260253906e-01 -3.754882812e-01 9.536132812e-01 1.402854919e-03
-3.372192383e-02 2.302551270e-02 -5.251169205e-05 -2.658367157e-04 3.511905670e-04 2.835083008e-02 -3.475189209e-03 -3.075000000e+01
-8.354187012e-04 1.573486328e-01 3.039550781e-02 8.041381836e-03 -1.284375000e+01 1.873779297e-02 -8.311271667e-04 1.096801758e-01
1.808404922e-04 1.641845703e-01 5.733966827e-05 -1.981445312e+00 9.465217590e-05 1.959228516e-01 3.176879883e-02 3.320693970e-03
-2.996093750e+00 7.187500000e+00 -4.186630249e-04 4.470348358e-04 3.816604614e-03 -1.612663269e-03 2.048492432e-03 4.449218750e+00
1.782226562e-02 2.624511719e-01 -1.540625000e+01 -4.379882812e-01 -2.665625000e+01 2.952575684e-02 -1.910400391e-01 -1.603126526e-03
3.201961517e-04 -2.347412109e-01 9.301757812e-02 -1.205444336e-01 -7.622070312e-01 -2.366638184e-02 2.437829971e-04 -1.114501953e-01
6.179687500e+00 7.342529297e-02 -2.423524857e-04 -5.210937500e+00 -2.019882202e-03 -1.882812500e+00 3.726959229e-03 -1.150781250e+01
1.829101562e+00 -2.571105957e-02 9.040832520e-03 -1.856445312e+00 9.834766388e-05 -1.031250000e+01 4.730468750e+00 -2.369689941e-02
-1.244354248e-02 5.615234375e-02 1.983642578e-03 3.173437500e+01 -2.330322266e-01 -1.723632812e-01 1.595703125e+00 1.366210938e+00
3.696441650e-03 -5.910156250e+00 4.899501801e-05 -4.757812500e+00 2.201795578e-04 7.312500000e+00 3.099060059e-02 -3.060546875e+00
3.710937500e-01 -5.955696106e-04 -3.475952148e-02 -5.650520325e-05 -2.794265747e-04 -1.937150955e-05 6.146430969e-04 -3.686523438e-01
2.238281250e+00 -3.897094727e-02 -2.682209015e-06 1.376342773e-02 -7.586669922e-02 4.000854492e-02 -1.847656250e+00 2.675781250e-01
-6.943941116e-05 9.661912918e-05 -6.862640381e-03 -2.452392578e-01 1.472473145e-03 -1.306533813e-03 5.969238281e-02 -5.636596680e-02
-4.277343750e-01 -7.680664062e-01 -1.713037491e-04 2.498626709e-04 -8.654785156e-02 1.948356628e-03 -9.363889694e-05 -8.834838867e-03
9.468078613e-03 8.531250000e+00 1.047851562e+00 2.583312988e-02 1.360177994e-04 2.920150757e-03 -8.857250214e-05 -3.500366211e-02
2.000427246e-02 -1.585006714e-03 6.322860718e-04 -2.771377563e-03 3.874511719e-01 -3.341674805e-03 -1.224365234e-01 -1.069946289e-01
1.540184021e-03 2.294778824e-05 9.580078125e-01 2.198219299e-04 6.034851074e-03 5.335807800e-04 1.329687500e+01 -2.300739288e-04
