-4.194323294e+13 1.800359087e-06 -3.456661873e+23 -3.256216066e-24 -8.648291875e+05 2.895821608e-23 -1.619726632e+23 -9.645347273e-32 -2.768773186e+30 1.652178383e+01 1.493261616e-26 3.030539447e+16 8.803365109e-28 -1.566559668e-36 2.755667602e-13 8.398944248e+26
-3.093310967e-21 3.184931600e+07 -2.257755972e+33 -4.004575312e-01 -7.260556389e+21 9.439512776e-33 1.127685891e+36 -4.888147520e+08 5.892909519e+34 3.201358878e+25 1.238472632e+17 -1.354602449e+17 1.718935595e+21 -3.271600333e+38 3.927563043e+35 -2.999500910e+31
8.926789451e-05 2.311072812e+33 -1.021260240e+08 4.646991406e+15 -3.720463770e+30 -2.680443695e-29 4.377197338e-16 -9.939070591e-23 3.008200267e-08 2.602095451e+13 1.140982603e+21 8.313393644e+11 1.182122709e+35 -5.852293040e-16 -1.627338444e-36 3.150843895e-06
1.305930138e+11 -7.605679799e-03 -5.797104414e+26 3.404094062e+05 1.347771554e+31 1.178675315e+12 6.120690782e-16 5.796825750e+29 -9.474246181e-04 2.606709848e-10 -9.098884956e-21 2.582857733e+21 2.074514961e+36 -1.570447247e+29 4.524942961e-38 5.439117923e-02
-5.586477657e-30 2.338996198e+13 6.331582827e-12 5.927869177e+27 4.261626417e+30 6.386073258e+25 -7.778183451e-28 5.719974430e+28 2.189990411e-09 -7.256329919e-31 3.506794503e+22 1.821699995e-16 2.788548681e-35 -3.722655250e+30 1.210057109e+05 -6.969445582e-25
1.583323200e+08 -5.717531915e+33 6.673377690e+10 -1.843049483e-21 -3.638955209e+36 1.623249148e+18 7.275342276e+15 1.429204643e-02 6.625084723e+23 2.598601460e-17 -2.863043360e-15 -8.642228664e+31 1.602315271e+36 3.364053533e-22 -2.802663438e+05 2.712678144e+09
-1.635211933e+35 1.138022733e-37 -5.561804455e-35 3.301606739e-06 -9.579667025e-29 -4.490156580e-10 -1.632179506e-02 4.539467346e+18 -7.363665857e-20 -2.677996918e-07 -2.519473953e+14 6.157321614e-12 3.297660062e-11 6.106539629e-03 -2.965568886e+14 1.538095879e-33
1.421252137e-24 1.560597612e-24 5.301738131e-32 7.051646613e-32 2.823936521e+38 9.472969396e-05 -6.003911938e-16 -1.068652996e+26 -9.361956084e+23 2.690138750e+05 2.696836522e-14 9.587302293e+21 1.468677098e-39 -1.578039586e-16 2.226139454e-38 -2.545001725e-37
6.302984039e-24 3.423217664e+10 2.375880235e-32 8.963361382e-01 1.380788387e-12 9.917521699e+20 3.267963323e+21 1.056845566e+37 1.074053671e-06 1.144090769e+38 -1.072057912e+32 2.524393415e-29 -4.540428430e-38 8.244642231e-05 4.386847949e+10 1.827115500e+11
3.249773939e-30 -4.181850586e+03 -3.926294000e+06 -5.128127714e-18 1.249867520e-26 -6.039698587e-27 5.062323762e+16 -1.288938273e-36 -1.488325422e-36 4.942083180e+33 2.107951616e+09 -3.066139983e-27 -5.309471244e-19 -5.424099968e-18 9.625091743e-32 -4.371178295e+18
-5.027448878e+22 -7.186380511e+17 -1.654707300e+07 9.373199478e+21 8.042231701e-37 1.354966225e-04 -1.495776019e-18 9.603844774e-06 -2.385238976e+27 1.730460550e+34 1.905608471e+24 -4.688378231e-29 2.825928564e+28 4.154841006e-01 1.179556195e+29 -1.710221916e-12
-1.856650961e-36 -2.583235712e-33 -3.785685605e+18 -5.519013052e+12 -1.728257875e+06 -1.153890675e-32 2.113873521e-09 3.414755859e+03 -1.364299590e-17 1.534010355e+30 1.086350984e+21 -1.421152048e-14 -3.253251604e+11 -3.586127571e+14 -2.884777476e+32 1.852080495e+28
-7.478482433e+32 -1.450229461e-16 4.870157664e+31 -1.146857588e-18 3.852896727e+37 -2.951145785e+22 -1.708170475e+30 -2.581156921e+02 4.070713721e-32 -1.244491754e-28 -1.424652322e-30 2.103531975e-12 -5.443097032e-36 -5.519952270e+30 4.418452602e+21 4.365347117e-38
-1.310090000e+08 6.341715149e+10 -2.555414369e-08 1.472790988e+19 2.305197343e+12 -7.992743750e+04 -1.558566881e+34 -3.202445703e+19 4.765217590e+01 8.313579930e+10 5.541916312e-32 4.062823936e+09 -1.286629803e-09 7.325841114e-03 2.471932918e+27 -1.402205215e+36
1.033383298e-19 -2.193971350e-12 -2.214318695e+02 -2.021423392e+32 -1.431630130e-38 -4.211530484e-13 -1.109248447e+35 -2.733726196e+02 -2.196980853e+33 -2.204037187e-25 -1.512856248e+24 1.330621444e-07 -4.244656004e-36 4.086981477e+19 9.724328796e+29 1.541316445e+16
-5.254620583e+36 1.756970778e-05 8.461324190e-20 1.895823776e-19 -1.086905805e-30 7.354382567e-28 -2.647094681e+31 -4.961042491e+23 -6.224870930e-08 5.488211321e-25 -1.565074195e+21 -8.370451549e-19 2.980976532e-08 2.121395320e-01 2.733381116e-04 2.054698640e+32
