-9.443359375e-01 5.327148438e-01 -1.689453125e-01 -7.929801941e-04 3.810546875e+00 -1.100301743e-04 -2.885437012e-02 -1.285076141e-04 9.826660156e-02 1.178979874e-04 -6.617187500e+00 2.157688141e-04 -9.218750000e+00 4.343986511e-04 -4.546642303e-04 5.251169205e-05
4.198551178e-04 -3.776855469e-01 -1.968994141e-01 3.283203125e+00 5.126953125e-03 -1.367330551e-04 3.695487976e-06 6.246566772e-05 -7.861852646e-05 3.921508789e-02 -9.605407715e-03 1.555681229e-04 1.840591431e-04 4.745483398e-02 2.929687500e+00 6.665039062e-01
-1.075439453e-01 -2.687988281e-01 2.925109863e-02 -3.466606140e-04 1.119375229e-04 -2.136718750e+00 3.833770752e-03 9.751319885e-04 8.720397949e-03 -6.862640381e-03 7.148742676e-03 3.511905670e-04 -1.936340332e-02 2.479687500e+01 -1.725769043e-02 -2.801418304e-06
-6.351470947e-03 -5.970001221e-03 1.762390137e-02 8.539062500e+00 5.763769150e-05 1.778564453e-01 5.500793457e-03 -5.117797852e-02 -1.287460327e-05 1.780700684e-02 -6.639957428e-05 -2.336425781e-01 2.398437500e+01 -1.376953125e+00 8.966064453e-02 1.930664062e+00
3.697872162e-04 -2.660156250e+00 5.978393555e-02 1.536718750e+01 -2.387762070e-04 -6.899833679e-04 -1.045989990e-02 -2.840625000e+01 2.610778809e-02 1.607421875e+00 -2.120733261e-04 5.710937500e+00 8.931159973e-04 1.015472412e-02 -2.765625000e+01 9.077787399e-05
-4.332065582e-04 -1.026367188e+00 -4.829406738e-03 -0.000000000e+00 -2.853393555e-03 2.265930176e-03 8.515625000e+00 2.307891846e-04 3.099609375e+00 3.164062500e+01 5.700683594e-02 -1.138687134e-03 5.340576172e-05 5.226135254e-03 -1.659179688e+00 -2.481937408e-04
1.083374023e-03 1.107788086e-02 6.683349609e-02 -3.642578125e-01 -3.343750000e+00 -9.250640869e-05 -2.775573730e-02 9.350585938e-02 1.412353516e-01 9.515380859e-02 -2.893066406e-02 -3.298828125e+00 -8.115234375e-01 6.694793701e-03 2.793750000e+01 4.180908203e-02
3.582239151e-05 1.065625000e+01 3.601074219e-03 -2.563476562e-01 -4.835937500e+00 -4.663467407e-04 -1.292228699e-04 -9.393310547e-02 2.294921875e-01 3.326171875e+00 -1.037716866e-04 2.192187500e+01 6.599426270e-03 -1.066284180e-01 -2.125000000e+00 -3.098437500e+01
6.040039062e-01 -1.780700684e-02 -1.634216309e-02 1.625061035e-03 3.850097656e-01 -1.838207245e-04 4.127025604e-04 1.017451286e-04 3.503906250e+00 -2.433776855e-03 5.989074707e-04 -1.089477539e-01 -5.966186523e-03 -4.980468750e-02 -7.558593750e-01 1.293182373e-02
2.028942108e-04 7.450580597e-06 1.236572266e-01 6.933593750e-01 3.388671875e-01 -8.475780487e-05 3.643798828e-02 6.909179688e-01 -2.545118332e-05 -1.970312500e+01 7.158203125e-01 -4.541015625e-01 1.355468750e+01 1.587500000e+01 -2.171325684e-02 1.930236816e-02
-1.301269531e-01 -6.027221680e-04 -6.060791016e-02 2.929687500e-02 1.233816147e-04 -1.153320312e+00 -2.093750000e+01 -2.734661102e-04 4.062500000e-01 -1.311302185e-04 -7.328033447e-03 1.137256622e-04 5.497932434e-04 -1.382827759e-05 -4.123535156e-01 1.130676270e-02
3.937988281e-01 -2.038478851e-05 5.932617188e-01 7.827758789e-03 -2.523437500e+01 -5.793571472e-04 -1.203613281e-01 -1.949462891e-01 -9.367187500e+00 -1.276367188e+00 4.000663757e-04 1.912117004e-03 9.478759766e-02 9.570312500e+00 3.299713135e-04 4.911422729e-04
-1.232299805e-01 -1.164062500e+01 -3.193750000e+01 -1.031494141e-02 1.883506775e-04 -2.175569534e-05 4.172325134e-05 8.270263672e-02 -9.497070312e-01 1.258544922e-01 -6.042480469e-03 -5.664062500e-01 7.968750000e-01 7.830810547e-02 -1.105308533e-03 2.709375000e+01
1.769065857e-04 -3.249511719e-01 -8.765625000e+00 -1.864624023e-02 5.878906250e+00 -1.850891113e-02 -2.363204956e-03 8.226562500e+00 7.949218750e-01 7.007598877e-03 8.226562500e+00 2.000000000e+01 4.452466965e-05 -1.984834671e-04 7.200241089e-04 6.689453125e-02
2.117919922e-02 3.723144531e-02 -4.989624023e-02 4.646778107e-04 -2.082824707e-02 9.624023438e-01 2.228125000e+01 -3.015136719e-02 -4.279613495e-05 -1.987457275e-03 -4.849243164e-02 -5.380249023e-02 1.021623611e-04 -6.137695312e-01 -3.848075867e-04 5.160156250e+00
1.343488693e-04 7.265806198e-05 -8.251953125e-01 -1.619338989e-03 -1.495361328e-03 -3.218650818e-04 1.343488693e-04 -3.067016602e-03 -6.794929504e-05 -3.503906250e+00 1.984375000e+01 1.622200012e-03 -3.815917969e-01 -2.976989746e-02 -2.604675293e-02 -8.881835938e-01
