-91 11 -37 118 9 -58 -15 6 -104 -3 -118 -5 -94 -58 9 40
21 -32 -104 9 106 -120 -14 -6 -50 26 36 47 102 -118 -39 39
-3 -85 69 -17 35 -128 92 93 -95 48 24 -16 8 79 12 66
58 72 -53 -30 -70 7 19 -75 -74 16 -112 -103 97 114 99 -102
-102 99 -109 65 31 124 -3 82 -50 92 -42 -77 24 -32 -67 93
-18 -75 53 2 16 -14 -39 -128 110 -79 65 -29 -36 -14 127 -59
57 53 93 113 62 9 102 -110 -82 -17 24 -3 55 -92 -66 -57
89 11 -7 -76 75 -3 85 -94 1 3 60 78 89 -19 -13 60
-5 85 32 -58 -33 109 42 57 -113 6 126 -43 124 101 -44 75
32 -28 44 -96 3 -106 94 48 -78 63 43 64 84 109 -83 -80
-63 39 82 -70 90 66 -128 26 -79 63 -8 78 29 70 58 -69
-59 21 -35 102 -90 27 -20 -103 -127 -21 122 24 -73 -53 -119 -111
-86 108 -128 -85 69 -65 35 71 76 -113 123 -81 -64 79 20 -64
-49 -40 -49 20 76 7 -88 -17 -3 -123 -47 -71 14 55 109 56
-94 125 23 23 9 -58 -115 44 15 -39 -25 10 28 -36 -52 -11
4 -18 -17 65 73 119 -113 -91 -35 12 -73 70 2 3 -43 3
