-430175963 1529231797 421131652 692302738 -2030283998 -1232448648 -973913783 781482622 1873172040 1318319667 -3515964 -1174833587 -2010057882 1257242330 -698284794 279527663
-2102819692 308577051 -830206823 365045427 1175218311 161494843 919442539 -632288243 -1885408061 -621518956 2109963206 -206448569 -1058319165 -1849028296 -1799830795 2029397389
-1503301688 195081921 1273671536 -1261991416 1588018818 128 -600017005 1066663312 -868138282 -151399502 1739572153 814508058 -622789681 2142539061 -812564185 -1200226520
-1352501391 1658881936 912702793 818582616 1649851753 1706598032 -810058792 1107158228 -1592812734 -1101957404 1296210057 121877934 1148173729 -1315235069 -1983345042 2063918952
-1896017748 -1237232492 1594544918 1831315608 978227948 1468878678 -473947401 -379095746 -957004641 -420728421 -1922762511 1525092769 -1954217587 1844198677 1501129073 1071231620
132929060 1196097499 -259513829 -1849677309 39314928 289541695 1026436646 128 1090022020 2094848217 -1549547311 1891647855 1031995921 -125305803 -174402518 -722012681
1133488543 283994447 -1306404667 -948046397 -1073009343 400241275 1906164404 722813528 -1272194587 -489329031 369369939 1158770772 1892959613 1495257287 -1674445013 1064074767
326389175 1962730664 589881373 -1485932207 1091931258 1545289547 -359755447 1961550825 1181661847 -124668683 953345110 1665498308 467082374 -1452415709 687560140 -1246200929
-1738731402 1116972706 1384009484 1482316663 -233014246 1017824489 -185730008 1132592299 -1048112887 1422875788 6364802 -2071877797 1559699034 -1936313776 1771795 36507266
437193583 51182038 1882473195 -791346917 -1334639000 155434977 -295520795 934408136 934219163 -464073672 -1300812509 -1710707950 -1280276894 -836718956 19686215 1238546289
-565856670 -356616564 -372978628 -1891884966 248086702 -2127122543 -1022122598 -956669940 -1697667301 457647149 -84027099 808397042 -1200314433 1580844425 -780312229 717692317
-1998333315 -1135797235 1838465455 1105448662 1505590006 -1931273939 110997104 -1226600042 1767439863 1387687885 -1615413925 644835751 -1058044648 -1857277754 -1468722891 627668159
710252102 -949576176 -734903792 1915691208 1487700990 660924618 -1073322738 -298799082 -1060834700 -538576076 130809474 148902531 -1907069471 -821993596 -1617071087 791225106
1859046012 -568527487 -312953927 -1099562674 -284835390 860159922 1140792182 1592100702 824076174 793717268 1883551629 -667973314 1596656672 -322992643 1157601395 422102084
645806629 -729757528 -516993337 1442612852 1122461586 1605238341 -1521254360 356719155 -1657495224 -1886570328 -1322862817 -703110176 -378963590 -792801160 -77310039 1415185985
161416801 -1598049972 -2012456809 -961184867 827324037 397124739 -1714670559 502661600 -2107148821 1573697496 -1164829325 -1832457264 -724812636 1066584777 159090459 1011433187
