779969469 197188064 687073616 -1025471529 -1288238552 -515700357 1291128330 -136051058
1966842706 2083344513 620496734 265958330 -129 1748527868 -184762809 324125428
1764890585 -991350080 -1170346014 1276190510 -1669580864 1049981855 1286091685 1397272499
1792916105 -401651303 466910113 1415504715 -904946066 1376427883 -1967284435 -939382701
-1675482122 -1620273208 1732194613 712385926 -1078203815 -1874327587 -815486240 93501749
-1527844551 946352074 -1643477029 -2011359567 2002348610 -1116338667 1485329219 2096451043
1163307897 736129529 -1012892394 -129 -259016339 1872774150 2060744322 -1195617682
369452766 2084227926 -1947074709 -293514427 940919160 174043512 1763810317 1404741411
769602977 -188790156 87065470 -564808117 410308488 1995109017 -314159175 668829338
21851207 -828708401 -2002182592 -943785197 -1377151093 1309752959 -577004062 1437859159
-1476564443 1373643020 -1835088771 -1248520788 -1094943463 784867891 766937966 -1203912709
1435450134 1575775004 2108964288 -244689346 -1291655694 -253086842 469094515 1981783624
235190185 903931206 -901616412 611848852 -758247359 -842632864 -1414439614 861157069
1727011396 533953938 1901529299 81615756 721370936 2031678070 1132035102 -1588781974
-1544567079 -1393755609 101836634 -296014837 -313199161 -70927600 967844952 -1461684209
1456809694 -509624925 1746701999 -485446992 571372727 -2053322951 673918615 -1993188452
-89140960 2068240404 1399290623 -1277202752 1406133973 -64590480 -1095819416 21627553
1375529505 1075159193 937924877 312031323 613991196 1309333777 139127598 1785018886
-1317256940 983045019 -658309086 -61936178 -1108142783 -1786733407 -314043558 -801442827
-1018617516 -1712392638 1588309320 -724741000 -1433059529 -1172176474 -675721257 -1898360433
-1900162555 -1435177124 1585631024 -1959363265 -1274962569 1464449973 -1982428239 -683060596
1528129572 787608919 62120207 -1074434499 362367757 1261731028 -1478283281 -800425178
1989248016 319892602 1850852354 -1193030126 886919176 -1618593907 643350565 2116941132
448895474 -48324624 -2048184771 -1458823225 -424519651 -1267405964 -1808553420 -864069660
-2129238662 1822798149 676555071 1672580667 -51288838 -360976576 -1382632754 -823465408
1825507907 -10358318 98145284 979359355 784394678 995578988 -1066903557 -1155670338
-817702777 1167529191 653582156 -1867790183 -2020181255 1030676062 -104533042 524597023
765653663 951008597 -938897973 -361998527 -1960001658 16041870 211042874 -817132062
1117695890 -994096775 -366582307 1394077724 10254284 1486049590 -515726070 1529510531
1017225060 1097423567 261716768 -1458305146 -1896992540 -872635622 1386135450 1823583992
1228733648 1997062663 1860913050 -1884219028 1094772941 1902446800 1588815814 1151225318
-1869278519 1208882262 -1657830926 -281935602 -152891334 677027339 425313388 -895684498
