-119 11 -4 -85 -89 -79 -15 -14
-112 91 -2 97 127 47 -22 -71
68 -122 -97 -124 -50 -37 -99 -77
-5 -8 10 91 116 34 126 -120
36 84 -80 -75 -82 5 93 101
21 -52 54 117 -103 64 21 -5
-46 0 99 127 -125 -80 58 -99
-30 43 -79 109 18 -68 65 19
44 -9 54 82 2 -4 -77 119
51 107 104 92 -113 127 113 -110
73 -64 -44 118 105 -81 44 12
118 -36 -128 25 -59 27 119 -61
47 93 -57 -28 -69 100 18 -93
21 -14 -5 -102 49 -4 88 50
-103 13 42 13 6 120 107 -13
41 -113 15 68 83 50 4 55
47 -7 -80 101 39 -43 93 -28
101 -72 43 -124 115 -23 -89 88
122 111 -24 15 -119 -117 -2 -89
-53 14 51 61 120 114 71 -103
23 -59 49 6 -24 -113 50 -117
16 53 96 40 52 -95 20 85
-117 109 8 -7 -8 -92 58 105
17 -50 -121 -93 -12 -113 -46 -56
23 -19 17 108 38 16 24 -76
112 -109 -124 -127 87 17 52 117
106 76 8 -23 -23 -107 60 -101
50 -4 18 -62 -83 -18 -113 24
113 8 -80 104 -30 84 -100 -70
29 11 12 -54 -71 122 82 -40
74 93 -115 -95 14 -71 -3 56
96 -6 25 35 9 117 -128 -97
