3.2666712 -114.29955 -0.15353972 -19068.014 -189.09636 61.125168 -66.38011 -1.2414299 76.64214 -48.212086 33.87501 247.65764 31.96682 -226.24265 -219.97247 10.898057 
-374.80652 -70.06479 -3.771943 2678.0425 -52.127502 20.94227 236.19244 274.86676 61.72195 -0.07161269 -11.369155 112.002014 -11.595409 -227.24112 -71.66992 -1.7060604 
-461.28677 -94.98023 -5.1228867 -1460.0447 -2.643186 -32.15393 -3.3596597 -2.949323 -5.6952677 175.1526 31.532501 37.54147 -19.215563 -113.06656 68.26105 336.16412 
-124.967545 -23.667805 -0.4989972 -210.72946 -58.61672 16.658133 3.1920395 -0.16373533 37.23187 19.088728 3.5994005 92.34684 27.672544 -97.3035 -116.94273 38.66198 
-7.2646885 75.81219 10.16693 -172.10803 -57.096394 32.378002 97.131836 121.487335 70.85273 -118.0156 -12.105137 8.361854 -18.378275 269.49213 -416.07303 -94.76879 
-2.010678 -830.2372 -67.745186 -3.2020966e-05 -342.9124 148.29132 -619.4484 14.702762 -751.6795 -43.663902 -7.8748817 -22.42321 474.38892 0.0032049967 4063.367 14.914028 
-5.391639 -8.934472 -19.423565 -385604.72 209.96666 -123.332985 -16.921398 -2.8329577 -613.75604 -6.921147 -1.0200086 -293.33163 46.329266 235.89449 504.83844 30.112318 
-48.088703 47.092915 4.2356577 -18494.709 14.459482 -9.33466 30.3962 -5.227006 17.318441 4.8490767 0.32304877 24.596773 -3.1083684 -11.509246 -216.6358 -30.599749 
37.370804 -38.096466 -0.13121858 -3606.2947 3.9304006 13.469176 40.75154 80.46786 -16.770805 9.572187 0.93252563 -0.6998709 -51.605347 24.46129 72.05986 -4.310086 
63.312042 21.905684 10.914168 -679.52 -362.87418 123.89009 21.952765 33.595165 210.57675 -86.615974 -3.8012724 435.2587 421.69543 -213.86499 -740.2577 34.26025 
4.9675684 -0.38857785 8.942774 2070.4185 0.11261051 -93.59662 -25.390123 -0.09596365 3.2113998 1.2060745 0.49051154 1.3384178 -4.1968675 -9.629852 -1.4150295 33.76935 
221.85855 231.41911 2.595481 -0.40359503 91.331924 -6.1208997 66.33025 0.11004314 -6.6148777 1.6580551 -0.60021627 -49.304356 -1.1169758 52.88952 -12.026866 -411.55542 
-29.149443 -96.95257 -43.167023 155.71295 -79.52534 239.37642 31.161495 36.97014 3.8277483 -1.7193682 -0.31373256 24.008085 12.414581 -49.26902 0.34833658 215.31595 
-512.52356 -3.8161144 -22.797218 -11395.087 -33.97352 -53.79975 -766.63165 -920.36914 2.315229 48.3358 34.16381 20.519222 -164.11925 -63.203106 4.003569 149.74765 
102.342125 64.73454 -6.7411346 15908.99 60.58459 3.7296188 35.38275 -8.27924 15.118525 72.3405 0.32369697 -17.171759 -350.54697 51.253506 -4.511179 -103.15299 
713.45605 90.44022 -3.253369 7034.933 14.807232 -83.61779 282.04877 342.93646 7.466752 0.20293975 19.293455 0.47765827 -5.3126197 138.37375 -36.49292 4.535738 
